0.004539966583251953
0.004436969757080078
0.008033037185668945
0.007158994674682617
0.005703926086425781
0.0044710636138916016
0.004405021667480469
0.004441022872924805
0.004556894302368164
0.00463414192199707
0.004435062408447266
0.0047779083251953125
0.004446983337402344
0.004611015319824219
0.004461050033569336
0.004702091217041016
0.005240201950073242
0.00492405891418457
0.004419088363647461
0.004540920257568359
0.0045740604400634766
0.004472017288208008
0.004763126373291016
0.00446009635925293
0.00445103645324707
0.00510406494140625
0.004551887512207031
0.004385948181152344
0.004463911056518555
0.0046389102935791016
0.004476070404052734
0.004391908645629883
0.004809141159057617
0.0045888423919677734
0.00445103645324707
0.004489898681640625
0.00466609001159668
0.004410982131958008
0.004403114318847656
0.0058438777923583984
0.005819082260131836
0.005382061004638672
0.00495600700378418
0.004475116729736328
0.00440216064453125
0.004490852355957031
0.0051958560943603516
0.004479169845581055
0.006079912185668945
0.005589962005615234
0.00450897216796875
0.0044629573822021484
0.004438877105712891
0.0044519901275634766
0.004441022872924805
0.004728078842163086
0.00670313835144043
0.0045130252838134766
0.004429817199707031
0.0044651031494140625
0.004498958587646484
0.004499197006225586
0.004560947418212891
0.0052490234375
0.004721164703369141
0.004481077194213867
0.004676103591918945
0.0045697689056396484
0.004476070404052734
0.0044708251953125
0.004881143569946289
0.0045049190521240234
0.0044710636138916016
0.0044040679931640625
0.004431009292602539
0.0046901702880859375
0.004463911056518555
0.005112886428833008
0.004539966583251953
0.0044100284576416016
0.004397153854370117
0.0047609806060791016
0.0043871402740478516
0.0044078826904296875
0.004364967346191406
0.005079984664916992
0.004755973815917969
0.004434823989868164
0.0051801204681396484
0.004441976547241211
0.0044901371002197266
0.0045490264892578125
0.004940032958984375
0.004405975341796875
0.004418134689331055
0.004479169845581055
0.004417896270751953
0.004514932632446289
0.0044019222259521484
0.004422903060913086
0.006287097930908203
0.004827022552490234
0.005049943923950195
0.0047719478607177734
0.004438877105712891
0.004419088363647461
0.004459857940673828
0.004541873931884766
0.005506038665771484
0.00762486457824707
0.007133007049560547
0.004920005798339844
0.004498004913330078
0.004395008087158203
0.0046541690826416016
0.0049479007720947266
0.007903099060058594
0.004492998123168945
0.0044438838958740234
0.004539012908935547
0.004522085189819336
0.004442930221557617
0.004430055618286133
0.004491090774536133
0.004601001739501953
0.00453495979309082
0.00454401969909668
0.004881858825683594
0.004513978958129883
0.0052568912506103516
0.0044901371002197266
0.004818916320800781
0.004427909851074219
0.004637002944946289
0.004420042037963867
0.0044062137603759766
0.0050928592681884766
0.0043981075286865234
0.004682064056396484
0.004408121109008789
0.004730939865112305
0.004480123519897461
0.004436969757080078
0.0049250125885009766
0.00454401969909668
0.004586935043334961
0.004595041275024414
0.004472970962524414
0.004540920257568359
0.004503965377807617
0.004781961441040039
0.004492998123168945
0.004427909851074219
0.006021976470947266
0.0052759647369384766
0.0045490264892578125
0.004473209381103516
0.004548072814941406
0.0043981075286865234
0.0044097900390625
0.004708051681518555
0.005106925964355469
0.004630088806152344
0.004517078399658203
0.004481077194213867
0.004901885986328125
0.0048809051513671875
0.004685878753662109
0.005095005035400391
0.004857778549194336
0.0045778751373291016
0.004398822784423828
0.0045261383056640625
0.004525899887084961
0.004415035247802734
0.0044100284576416016
0.004441022872924805
0.004578113555908203
0.0044689178466796875
0.004426002502441406
0.004683971405029297
0.004706859588623047
0.004498958587646484
0.005198001861572266
0.004384040832519531
0.004433155059814453
0.0043489933013916016
0.004763126373291016
0.004434108734130859
0.004539012908935547
0.00507807731628418
0.004436969757080078
0.0045549869537353516
0.004606008529663086
0.004648923873901367
0.004418849945068359
0.0045871734619140625
0.004634857177734375
0.0052721500396728516
0.005247831344604492
0.0045299530029296875
0.004441022872924805
0.0044078826904296875
0.004479169845581055
0.004387855529785156
0.004506111145019531
0.004393100738525391
0.004581928253173828
0.0049381256103515625
0.0044400691986083984
0.006319999694824219
0.0044629573822021484
0.00442194938659668
0.004559040069580078
0.004663944244384766
0.00528407096862793
0.00448298454284668
0.004392862319946289
0.00542902946472168
0.004426002502441406
0.00460505485534668
0.00439000129699707
0.004987955093383789
0.0045239925384521484
0.004435062408447266
0.004567861557006836
0.004469871520996094
0.00466609001159668
0.004513978958129883
0.005349874496459961
0.004498004913330078
0.004434108734130859
0.004480838775634766
0.004415035247802734
0.004760026931762695
0.0044209957122802734
0.005062103271484375
0.0045278072357177734
0.004580020904541016
0.005056858062744141
0.005110025405883789
0.004450082778930664
0.004434823989868164
0.0048830509185791016
0.004479885101318359
0.004876852035522461
0.00454401969909668
0.004826068878173828
0.004395008087158203
0.004461050033569336
0.005057096481323242
0.004413127899169922
0.004461050033569336
0.0044400691986083984
0.0046651363372802734
0.0044820308685302734
0.004394054412841797
0.0044269561767578125
0.004410982131958008
0.004500150680541992
0.0045168399810791016
0.005854129791259766
0.00468897819519043
0.004455089569091797
0.004400968551635742
0.0045318603515625
0.004405975341796875
0.0044100284576416016
0.005450010299682617
0.004708051681518555
0.004538059234619141
0.004470109939575195
0.004396915435791016
0.004647016525268555
0.0046269893646240234
0.004575967788696289
0.005023956298828125
0.0044040679931640625
0.0043871402740478516
0.0044879913330078125
0.004466056823730469
0.004732847213745117
0.004503965377807617
0.0044820308685302734
0.0043790340423583984
0.004412174224853516
0.004457950592041016
0.004436016082763672
0.004576921463012695
0.004411935806274414
0.005116939544677734
0.004834175109863281
0.004396915435791016
0.0045070648193359375
0.0043718814849853516
0.004661083221435547
0.004446983337402344
0.00494694709777832
0.0045261383056640625
0.004411935806274414
0.0044820308685302734
0.004803895950317383
0.005026102066040039
0.004488945007324219
0.0043621063232421875
0.004906892776489258
0.004441976547241211
0.006173133850097656
0.004453897476196289
0.0044651031494140625
0.004374980926513672
0.00459599494934082
0.0043489933013916016
0.004434108734130859
0.004387855529785156
0.00498509407043457
0.00436711311340332
0.0045049190521240234
0.004394054412841797
0.004472970962524414
0.004364967346191406
0.004378080368041992
0.004709005355834961
0.004943132400512695
0.004427909851074219
0.0044651031494140625
0.004419088363647461
0.0044708251953125
0.004374027252197266
0.004663944244384766
0.004875898361206055
0.004431009292602539
0.004393100738525391
0.00627589225769043
0.00464320182800293
0.004448890686035156
0.0044100284576416016
0.004425048828125
0.004445075988769531
0.0044438838958740234
0.004332065582275391
0.005991935729980469
0.005436897277832031
0.0053560733795166016
0.0049059391021728516
0.004498958587646484
0.004349946975708008
0.004599809646606445
0.0046689510345458984
0.004441022872924805
0.004350900650024414
0.006235837936401367
0.005169868469238281
0.004534006118774414
0.004862070083618164
0.004431009292602539
0.004375934600830078
0.00438380241394043
0.005085945129394531
0.004465818405151367
0.004676103591918945
0.004483222961425781
0.006042957305908203
0.004542112350463867
0.004395008087158203
0.004496097564697266
0.004734039306640625
0.004364967346191406
0.006227016448974609
0.004518032073974609
0.004414081573486328
0.00442194938659668
0.005865812301635742
0.004464864730834961
0.004518032073974609
0.00508880615234375
0.004519939422607422
0.004462003707885742
0.004444122314453125
0.004430055618286133
0.0047609806060791016
0.004472017288208008
0.005288839340209961
0.004624128341674805
0.004394054412841797
0.004488945007324219
0.00448298454284668
0.004511833190917969
0.0044710636138916016
0.0044629573822021484
0.004550933837890625
0.004457950592041016
0.004348039627075195
0.004441022872924805
0.004790067672729492
0.004446983337402344
0.0043659210205078125
0.005048036575317383
0.004456043243408203
0.004812002182006836
0.00440216064453125
0.004695892333984375
0.0043718814849853516
0.004395008087158203
0.00583195686340332
0.0051729679107666016
0.005210161209106445
0.005630016326904297
0.0046579837799072266
0.004464149475097656
0.004384040832519531
0.0044481754302978516
0.004517793655395508
0.004380941390991211
0.004585981369018555
0.00447392463684082
0.004369974136352539
0.004442930221557617
0.004364967346191406
0.0044918060302734375
0.004623889923095703
0.004488945007324219
0.006184101104736328
0.00441288948059082
0.0045070648193359375
0.004407167434692383
0.004387855529785156
0.004676103591918945
0.004407167434692383
0.0049839019775390625
0.004370927810668945
0.004498958587646484
0.0043451786041259766
0.004454851150512695
0.004703044891357422
0.004514932632446289
0.005282163619995117
0.004573822021484375
0.0044100284576416016
0.00438380241394043
0.004503965377807617
0.0046498775482177734
0.004661083221435547
0.004990100860595703
0.006768941879272461
0.004528045654296875
0.004418134689331055
0.0047190189361572266
0.0044209957122802734
0.004411935806274414
0.005136966705322266
0.005211830139160156
0.0043849945068359375
0.004736900329589844
0.004355907440185547
0.004539012908935547
0.0044858455657958984
0.005400180816650391
0.0043659210205078125
0.005198001861572266
0.004778146743774414
0.0051457881927490234
0.0046579837799072266
0.004467010498046875
0.004498958587646484
0.004520893096923828
0.004408836364746094
0.004635810852050781
0.004379987716674805
0.004419088363647461
0.004539012908935547
0.004431009292602539
0.004408836364746094
0.004450798034667969
0.004595041275024414
0.006237983703613281
0.0043680667877197266
0.00462794303894043
0.005778074264526367
0.004525184631347656
0.004720926284790039
0.0043790340423583984
0.004992961883544922
0.004472970962524414
0.00446009635925293
0.004498004913330078
0.006206035614013672
0.004667997360229492
0.00442194938659668
0.00475001335144043
0.004438161849975586
0.004477977752685547
0.004431009292602539
0.004492998123168945
0.0044591426849365234
0.004414081573486328
0.004514932632446289
0.004411935806274414
0.004395008087158203
0.004419088363647461
0.004731893539428711
0.004787921905517578
0.004374980926513672
0.00557708740234375
0.006726980209350586
0.0046100616455078125
0.004761934280395508
0.004498958587646484
0.004413127899169922
0.004392862319946289
0.004804134368896484
0.004456043243408203
0.004746198654174805
0.005810976028442383
0.005657196044921875
0.004522085189819336
0.00442194938659668
0.004425048828125
0.004335880279541016
0.005994081497192383
0.004396915435791016
0.004616975784301758
0.00513005256652832
0.006269931793212891
0.00511479377746582
0.0049648284912109375
0.004383087158203125
0.004972934722900391
0.00447392463684082
0.0044438838958740234
0.004476070404052734
0.0043811798095703125
0.0046138763427734375
0.004431009292602539
0.004698038101196289
0.004453182220458984
0.00445103645324707
0.004393100738525391
0.004395008087158203
0.004763126373291016
0.0043909549713134766
0.005175113677978516
0.0045299530029296875
0.004448890686035156
0.0043790340423583984
0.0044100284576416016
0.004524946212768555
0.004519939422607422
0.004380941390991211
0.0044078826904296875
0.004333972930908203
0.004554033279418945
0.004445791244506836
0.004683971405029297
0.004382133483886719
0.0044422149658203125
0.005053997039794922
0.004539966583251953
0.0049898624420166016
0.004436969757080078
0.005316972732543945
0.004848003387451172
0.00450587272644043
0.005101919174194336
0.004555940628051758
0.004489898681640625
0.004683971405029297
0.006404876708984375
0.004350900650024414
0.006093025207519531
0.004426002502441406
0.00449681282043457
0.004478931427001953
0.004477977752685547
0.004366159439086914
0.004374980926513672
0.004499912261962891
0.0044901371002197266
0.004352092742919922
0.00494694709777832
0.004509925842285156
0.006017923355102539
0.004491090774536133
0.004431962966918945
0.005750179290771484
0.004689931869506836
0.004498004913330078
0.005242109298706055
0.004420042037963867
0.004435062408447266
0.004343986511230469
0.004435062408447266
0.00568699836730957
0.004422187805175781
0.0050029754638671875
0.004431009292602539
0.004683017730712891
0.0045070648193359375
0.004412174224853516
0.00450587272644043
0.0043599605560302734
0.0046269893646240234
0.004601001739501953
0.0045850276947021484
0.0044460296630859375
0.004391908645629883
0.004818916320800781
0.0044438838958740234
0.004827976226806641
0.005139827728271484
0.004395961761474609
0.004330158233642578
0.0045239925384521484
0.006106853485107422
0.005178928375244141
0.0052721500396728516
0.004815101623535156
0.00455784797668457
0.004453897476196289
0.0054721832275390625
0.004392862319946289
0.004589080810546875
0.0044400691986083984
0.004549980163574219
0.004387855529785156
0.0044820308685302734
0.004374980926513672
0.004438161849975586
0.0044519901275634766
0.004425048828125
0.004562854766845703
0.004415035247802734
0.004723072052001953
0.004698038101196289
0.005208015441894531
0.004414081573486328
0.0044078826904296875
0.0044901371002197266
0.004429817199707031
0.0046710968017578125
0.00440216064453125
0.004961967468261719
0.0043718814849853516
0.004394054412841797
0.00451207160949707
0.0044040679931640625
0.0044209957122802734
0.004389047622680664
0.00462794303894043
0.005067110061645508
0.004344940185546875
0.004449129104614258
0.004528045654296875
0.004446983337402344
0.004395961761474609
0.0067560672760009766
0.0043489933013916016
0.004407167434692383
0.004316806793212891
0.004744052886962891
0.0043790340423583984
0.004439830780029297
0.0043680667877197266
0.004949092864990234
0.004377841949462891
0.004503011703491211
0.0054628849029541016
0.00446009635925293
0.0043718814849853516
0.004425048828125
0.004733085632324219
0.004461050033569336
0.004449129104614258
0.004389047622680664
0.004500150680541992
0.0047609806060791016
0.004355907440185547
0.004528045654296875
0.004349946975708008
0.004808187484741211
0.0061168670654296875
0.005126953125
0.004366874694824219
0.00438380241394043
0.0043909549713134766
0.004526853561401367
0.00461888313293457
0.004464864730834961
0.006803989410400391
0.00562286376953125
0.0052280426025390625
0.007339954376220703
0.004403829574584961
0.004746198654174805
0.005095005035400391
0.00459599494934082
0.004394054412841797
0.004446983337402344
0.004704952239990234
0.004505157470703125
0.004436969757080078
0.0044209957122802734
0.004379987716674805
0.0044460296630859375
0.004462003707885742
0.00487518310546875
0.004405021667480469
0.004388093948364258
0.005027055740356445
0.004461050033569336
0.004453182220458984
0.004701852798461914
0.0053560733795166016
0.004438877105712891
0.0043790340423583984
0.004483938217163086
0.004410982131958008
0.00454401969909668
0.0046770572662353516
0.0049800872802734375
0.004575967788696289
0.004696846008300781
0.004417896270751953
0.004453182220458984
0.00438690185546875
0.004518985748291016
0.00445103645324707
0.0044519901275634766
0.004554033279418945
0.004655122756958008
0.004483938217163086
0.00455784797668457
0.004450082778930664
0.004526853561401367
0.004981040954589844
0.004457950592041016
0.004438877105712891
0.004754066467285156
0.004369020462036133
0.006063938140869141
0.0050411224365234375
0.004514217376708984
0.004402875900268555
0.004467964172363281
0.004994869232177734
0.005064964294433594
0.00499415397644043
0.004801034927368164
0.004456996917724609
0.0044209957122802734
0.004392862319946289
0.0044939517974853516
0.00442194938659668
0.004419088363647461
0.004369974136352539
0.0044269561767578125
0.0043888092041015625
0.006161212921142578
0.006783962249755859
0.005387067794799805
0.004662036895751953
0.0049839019775390625
0.004403114318847656
0.00460505485534668
0.004398822784423828
0.004703998565673828
0.004467964172363281
0.0044710636138916016
0.005048036575317383
0.004457950592041016
0.0043811798095703125
0.004728078842163086
0.004849910736083984
0.004420042037963867
0.004354953765869141
0.004457950592041016
0.004414081573486328
0.0045659542083740234
0.004565000534057617
0.0044100284576416016
0.0043408870697021484
0.004402875900268555
0.004449129104614258
0.005002021789550781
0.00458216667175293
0.0045490264892578125
0.0043849945068359375
0.004904031753540039
0.004415035247802734
0.004400968551635742
0.004391193389892578
0.00480198860168457
0.004682064056396484
0.004436016082763672
0.007031917572021484
0.006060123443603516
0.004379987716674805
0.005850076675415039
0.004754066467285156
0.004436969757080078
0.005038022994995117
0.004425048828125
0.004438877105712891
0.006796836853027344
0.0053539276123046875
0.0049839019775390625
0.0046138763427734375
0.005278110504150391
0.0044209957122802734
0.0044209957122802734
0.004908084869384766
0.0045850276947021484
0.00437617301940918
0.004479885101318359
0.004776954650878906
0.004611968994140625
0.004539012908935547
0.005311012268066406
0.0044100284576416016
0.0044400691986083984
0.004376888275146484
0.004672050476074219
0.004454135894775391
0.004434108734130859
0.004606008529663086
0.005003929138183594
0.004475116729736328
0.004472017288208008
0.004379987716674805
0.0044138431549072266
0.004386186599731445
0.004480123519897461
0.004420042037963867
0.00439906120300293
0.004477024078369141
0.00444793701171875
0.004492044448852539
0.00441288948059082
0.004656076431274414
0.005283832550048828
0.0043430328369140625
0.004416942596435547
0.004491090774536133
0.004565000534057617
0.0046269893646240234
0.004425048828125
0.004908084869384766
0.004429817199707031
0.0046651363372802734
0.0044291019439697266
0.004445075988769531
0.004642963409423828
0.004486083984375
0.004579067230224609
0.004951000213623047
0.004431009292602539
0.00442194938659668
0.004418134689331055
0.004423856735229492
0.004576206207275391
0.004436016082763672
0.004518985748291016
0.004537105560302734
0.004578828811645508
0.004494905471801758
0.004686117172241211
0.004363059997558594
0.0044231414794921875
0.005396842956542969
0.0057179927825927734
0.005280971527099609
0.005260944366455078
0.004466056823730469
0.004436016082763672
0.004438877105712891
0.00500798225402832
0.0043659210205078125
0.004534006118774414
0.0047070980072021484
0.005805015563964844
0.004386186599731445
0.0044400691986083984
0.004383087158203125
0.004498958587646484
0.004452943801879883
0.006994009017944336
0.004408121109008789
0.004405021667480469
0.00439000129699707
0.004636049270629883
0.004369020462036133
0.004544973373413086
0.004575014114379883
0.004603147506713867
0.004580020904541016
0.004425048828125
0.004372835159301758
0.004405975341796875
0.0045261383056640625
0.004476070404052734
0.0044498443603515625
0.006021976470947266
0.0043261051177978516
0.007023811340332031
0.0044841766357421875
0.004661083221435547
0.004443168640136719
0.00441288948059082
0.004374980926513672
0.004415988922119141
0.004480123519897461
0.0044100284576416016
0.0045261383056640625
0.004411935806274414
0.00454401969909668
0.004498958587646484
0.004395008087158203
0.004397153854370117
0.00437617301940918
0.0044138431549072266
0.0045070648193359375
0.004398822784423828
0.004386186599731445
0.004433870315551758
0.00436091423034668
0.004436969757080078
0.004510164260864258
0.004782915115356445
0.005678892135620117
0.004915952682495117
0.005896091461181641
0.005006074905395508
0.004414081573486328
0.004423856735229492
0.004363059997558594
0.004389047622680664
0.004544973373413086
0.00445103645324707
0.004363059997558594
0.004409074783325195
0.004405975341796875
0.004477024078369141
0.005170106887817383
0.0044438838958740234
0.004370927810668945
0.004502058029174805
0.004415988922119141
0.00440216064453125
0.004499912261962891
0.004499912261962891
0.004417896270751953
0.004469871520996094
0.006021976470947266
0.004509925842285156
0.004415035247802734
0.004426002502441406
0.004402875900268555
0.00452113151550293
0.004374980926513672
0.0044939517974853516
0.004342794418334961
0.004443168640136719
0.0044307708740234375
0.004804849624633789
0.004502058029174805
0.00447392463684082
0.004371166229248047
0.004490852355957031
0.0044100284576416016
0.004436969757080078
0.004379987716674805
0.004395008087158203
0.004378080368041992
0.004458904266357422
0.004358053207397461
0.004426002502441406
0.0043680667877197266
0.0044438838958740234
0.004467010498046875
0.0045740604400634766
0.0043141841888427734
0.004439830780029297
0.004353046417236328
0.004369020462036133
0.004464864730834961
0.004436969757080078
0.004384040832519531
0.004441022872924805
0.0043981075286865234
0.0045239925384521484
0.004393100738525391
0.0043849945068359375
0.004355907440185547
0.004445075988769531
0.00435185432434082
0.004514217376708984
0.004392862319946289
0.004415988922119141
0.0043790340423583984
0.0046138763427734375
