0.002437114715576172
0.002627849578857422
0.004566192626953125
0.004904985427856445
0.0024487972259521484
0.002332925796508789
0.0024390220642089844
0.002930879592895508
0.002399921417236328
0.002370119094848633
0.0024290084838867188
0.002465963363647461
0.0023651123046875
0.0038449764251708984
0.0024988651275634766
0.0037431716918945312
0.0023860931396484375
0.0023260116577148438
0.0023679733276367188
0.0024499893188476562
0.0023958683013916016
0.0024590492248535156
0.002412080764770508
0.00409698486328125
0.004776954650878906
0.0049610137939453125
0.0032041072845458984
0.0023720264434814453
0.0023789405822753906
0.002332925796508789
0.002794981002807617
0.0023720264434814453
0.002763032913208008
0.0030760765075683594
0.0031599998474121094
0.0029001235961914062
0.0024111270904541016
0.0023720264434814453
0.002418994903564453
0.002405881881713867
0.0023889541625976562
0.002440929412841797
0.002373218536376953
0.002382993698120117
0.0023741722106933594
0.0023810863494873047
0.0023529529571533203
0.0024080276489257812
0.0023698806762695312
0.0023648738861083984
0.002377033233642578
0.0024459362030029297
0.002382040023803711
0.0023980140686035156
0.002373933792114258
0.0024640560150146484
0.0024518966674804688
0.0024271011352539062
0.0023560523986816406
0.0023758411407470703
0.002363920211791992
0.0024509429931640625
0.0023419857025146484
0.0023322105407714844
0.002338886260986328
0.0023720264434814453
0.002368927001953125
0.0023720264434814453
0.0023431777954101562
0.004207134246826172
0.002878904342651367
0.0023920536041259766
0.0024199485778808594
0.002507925033569336
0.002434968948364258
0.002382040023803711
0.002363920211791992
0.0023419857025146484
0.002371072769165039
0.0023641586303710938
0.002431154251098633
0.0023610591888427734
0.0024869441986083984
0.0023560523986816406
0.0023539066314697266
0.002346038818359375
0.0023348331451416016
0.0025110244750976562
0.002363920211791992
0.0023369789123535156
0.0024089813232421875
0.0023589134216308594
0.0023450851440429688
0.002357006072998047
0.0023620128631591797
0.002368927001953125
0.0023560523986816406
0.002354145050048828
0.002577066421508789
0.002543926239013672
0.0041501522064208984
0.004857063293457031
0.0050220489501953125
0.005028963088989258
0.005510091781616211
0.0028228759765625
0.0023679733276367188
0.002496004104614258
0.0023679733276367188
0.002341032028198242
0.0023779869079589844
0.0023610591888427734
0.002351999282836914
0.002301931381225586
0.0023419857025146484
0.0024530887603759766
0.0023550987243652344
0.0023779869079589844
0.0023779869079589844
0.002374887466430664
0.002371072769165039
0.0023839473724365234
0.0023589134216308594
0.0024309158325195312
0.0024840831756591797
0.003744840621948242
0.0029430389404296875
0.002777099609375
0.0027420520782470703
0.002537965774536133
0.002557992935180664
0.002384185791015625
0.002382040023803711
0.002588987350463867
0.0037338733673095703
0.002557039260864258
0.004033088684082031
0.0024039745330810547
0.002357006072998047
0.002362966537475586
0.002346038818359375
0.0023660659790039062
0.002465963363647461
0.0024161338806152344
0.002351999282836914
0.002341032028198242
0.0023720264434814453
0.0023670196533203125
0.0023429393768310547
0.0024819374084472656
0.002377033233642578
0.0023598670959472656
0.0024230480194091797
0.0024199485778808594
0.0023500919342041016
0.0023789405822753906
0.002354860305786133
0.0024640560150146484
0.002362966537475586
0.002321004867553711
0.002373218536376953
0.0023620128631591797
0.002415895462036133
0.0024039745330810547
0.002362966537475586
0.002379894256591797
0.002955913543701172
0.0023839473724365234
0.002382040023803711
0.0023648738861083984
0.0023810863494873047
0.0023729801177978516
0.002460002899169922
0.002355813980102539
0.0023818016052246094
0.002395153045654297
0.003410816192626953
0.002391815185546875
0.0023810863494873047
0.0025119781494140625
0.002732992172241211
0.0029888153076171875
0.0023560523986816406
0.0023729801177978516
0.002413034439086914
0.0023300647735595703
0.0023450851440429688
0.0023679733276367188
0.002360105514526367
0.0026428699493408203
0.0024042129516601562
0.002446889877319336
0.002401113510131836
0.002382040023803711
0.003008127212524414
0.0023500919342041016
0.0023660659790039062
0.0023539066314697266
0.0025131702423095703
0.002374887466430664
0.002354145050048828
0.0025489330291748047
0.0027849674224853516
0.0023589134216308594
0.002458810806274414
0.0023789405822753906
0.003693819046020508
0.003599882125854492
0.0023860931396484375
0.002447843551635742
0.002424955368041992
0.002399921417236328
0.0023469924926757812
0.002608060836791992
0.0023610591888427734
0.002371072769165039
0.002529144287109375
0.0023539066314697266
0.002335071563720703
0.002434968948364258
0.002785921096801758
0.0024139881134033203
0.0024089813232421875
0.0024280548095703125
0.0025980472564697266
0.0023851394653320312
0.0025010108947753906
0.002382040023803711
0.002335071563720703
0.0024139881134033203
0.002370119094848633
0.002363920211791992
0.0023620128631591797
0.0023992061614990234
0.002351045608520508
0.002331972122192383
0.002546072006225586
0.002332925796508789
0.0023810863494873047
0.002691030502319336
0.002396106719970703
0.002947092056274414
0.0023810863494873047
0.0023779869079589844
0.002357006072998047
0.0023889541625976562
0.002363920211791992
0.0023889541625976562
0.0023670196533203125
0.0024690628051757812
0.002357959747314453
0.0025730133056640625
0.002393007278442383
0.0023488998413085938
0.003047943115234375
0.002454996109008789
0.0023488998413085938
0.002321958541870117
0.0024940967559814453
0.002377033233642578
0.0023429393768310547
0.002344846725463867
0.0023310184478759766
0.0023698806762695312
0.002552032470703125
0.002376079559326172
0.0023500919342041016
0.0027768611907958984
0.0026578903198242188
0.0023708343505859375
0.0023441314697265625
0.002355813980102539
0.0023419857025146484
0.0023851394653320312
0.002312183380126953
0.002360105514526367
0.0023980140686035156
0.0024459362030029297
0.0024008750915527344
0.002348184585571289
0.002371072769165039
0.0023899078369140625
0.0023431777954101562
0.0025730133056640625
0.002315044403076172
0.0023598670959472656
0.0023169517517089844
0.002402067184448242
0.0024280548095703125
0.002398967742919922
0.0025501251220703125
0.0023758411407470703
0.0023190975189208984
0.002363920211791992
0.0029299259185791016
0.0040280818939208984
0.0023870468139648438
0.002434968948364258
0.002332925796508789
0.002376079559326172
0.0023488998413085938
0.0024170875549316406
0.0026340484619140625
0.0024971961975097656
0.0023598670959472656
0.002424001693725586
0.002328157424926758
0.002705097198486328
0.0029990673065185547
0.002371072769165039
0.0023720264434814453
0.002346038818359375
0.0022869110107421875
0.0023860931396484375
0.00255584716796875
0.0023610591888427734
0.0023529529571533203
0.002441883087158203
0.0023419857025146484
0.0023741722106933594
0.0023488998413085938
0.002421855926513672
0.002917051315307617
0.0023539066314697266
0.0023050308227539062
0.0023469924926757812
0.0023429393768310547
0.0024259090423583984
0.002370119094848633
0.002379894256591797
0.002373933792114258
0.002341032028198242
0.0023200511932373047
0.002359151840209961
0.0023241043090820312
0.002393007278442383
0.0023038387298583984
0.0024280548095703125
0.0023310184478759766
0.002382040023803711
0.0025320053100585938
0.0023660659790039062
0.002897024154663086
0.0024471282958984375
0.0024340152740478516
0.0023970603942871094
0.0023539066314697266
0.0025031566619873047
0.0023238658905029297
0.0023860931396484375
0.0023360252380371094
0.002393960952758789
0.0023119449615478516
0.0026378631591796875
0.002348184585571289
0.002373218536376953
0.0028100013732910156
0.0024750232696533203
0.002357006072998047
0.002360105514526367
0.002319812774658203
0.002331972122192383
0.002315044403076172
0.0024449825286865234
0.002344846725463867
0.0023801326751708984
0.0026388168334960938
0.0024771690368652344
0.002363920211791992
0.0035979747772216797
0.002549886703491211
0.002357006072998047
0.0023200511932373047
0.0023980140686035156
0.0023779869079589844
0.0023860931396484375
0.0024521350860595703
0.0023720264434814453
0.0024940967559814453
0.002452850341796875
0.002396821975708008
0.0023610591888427734
0.0023641586303710938
0.002393960952758789
0.0023360252380371094
0.0023641586303710938
0.002410888671875
0.002401113510131836
0.002315998077392578
0.0023431777954101562
0.0023288726806640625
0.0030350685119628906
0.003407001495361328
0.002866983413696289
0.002830982208251953
0.003032207489013672
0.0027968883514404297
0.0023441314697265625
0.0023488998413085938
0.002377033233642578
0.0023488998413085938
0.0023620128631591797
0.002337932586669922
0.002658843994140625
0.002362966537475586
0.0024628639221191406
0.002359151840209961
0.0024230480194091797
0.0035529136657714844
0.002930879592895508
0.0023610591888427734
0.002415895462036133
0.0023450851440429688
0.0023920536041259766
0.002413034439086914
0.0027208328247070312
0.0032281875610351562
0.0023469924926757812
0.0024161338806152344
0.002379894256591797
0.0023131370544433594
0.0023310184478759766
0.0023491382598876953
0.002783060073852539
0.002443075180053711
0.0023698806762695312
0.0023450851440429688
0.002416849136352539
0.002447843551635742
0.002516031265258789
0.0023429393768310547
0.002371072769165039
0.0023560523986816406
0.0024428367614746094
0.0023648738861083984
0.0023550987243652344
0.002338886260986328
0.0023720264434814453
0.0023288726806640625
0.0023679733276367188
0.002540111541748047
0.0023949146270751953
0.0026979446411132812
0.002744913101196289
0.002351045608520508
0.002344846725463867
0.002435922622680664
0.004689931869506836
0.0029668807983398438
0.0023369789123535156
0.0023720264434814453
0.0023860931396484375
0.0026581287384033203
0.002399921417236328
0.002329111099243164
0.0031299591064453125
0.002349853515625
0.002359151840209961
0.0023381710052490234
0.002360105514526367
0.0023009777069091797
0.0024030208587646484
0.002382993698120117
0.0024008750915527344
0.002457141876220703
0.002485036849975586
0.0023450851440429688
0.0023407936096191406
0.002825021743774414
0.002443075180053711
0.00232696533203125
0.002370119094848633
0.0024318695068359375
0.002804994583129883
0.002774953842163086
0.0024940967559814453
0.0023801326751708984
0.0024199485778808594
0.0023338794708251953
0.002340078353881836
0.0022928714752197266
0.0024008750915527344
0.0025489330291748047
0.004084110260009766
0.002371072769165039
0.0023849010467529297
0.002295970916748047
0.0023910999298095703
0.0023310184478759766
0.002451181411743164
0.002393960952758789
0.0023839473724365234
0.0023338794708251953
0.0023620128631591797
0.0038759708404541016
0.0029032230377197266
0.002346038818359375
0.0023589134216308594
0.0024759769439697266
0.0023651123046875
0.002438783645629883
0.002630949020385742
0.002357006072998047
0.0023441314697265625
0.0023369789123535156
0.00251007080078125
0.0023419857025146484
0.0024709701538085938
0.0025870800018310547
0.004168987274169922
0.002359151840209961
0.0023670196533203125
0.0023789405822753906
0.0026030540466308594
0.0033249855041503906
0.0023801326751708984
0.0023169517517089844
0.0025229454040527344
0.002412080764770508
0.0024080276489257812
0.0023860931396484375
0.0023369789123535156
0.0023529529571533203
0.002374887466430664
0.0023589134216308594
0.0024521350860595703
0.0024089813232421875
0.0023469924926757812
0.0024099349975585938
0.0023641586303710938
0.002354860305786133
0.0023560523986816406
0.0023298263549804688
0.0023920536041259766
0.0023229122161865234
0.0024619102478027344
0.0023381710052490234
0.0023729801177978516
0.0026061534881591797
0.0024480819702148438
0.0023491382598876953
0.002900838851928711
0.002415895462036133
0.002354145050048828
0.0023550987243652344
0.002344846725463867
0.0024170875549316406
0.002376079559326172
0.0024709701538085938
0.002354860305786133
0.0023021697998046875
0.0025501251220703125
0.0023500919342041016
0.0023839473724365234
0.002362966537475586
0.003323078155517578
0.00232696533203125
0.002332925796508789
0.0026760101318359375
0.003097057342529297
0.0029449462890625
0.0024039745330810547
0.0023610591888427734
0.002646923065185547
0.0023488998413085938
0.002343893051147461
0.0023190975189208984
0.002457857131958008
0.0029752254486083984
0.0023560523986816406
0.002346038818359375
0.0023779869079589844
0.0023670196533203125
0.002344846725463867
0.0023360252380371094
0.0023779869079589844
0.0023980140686035156
0.002454996109008789
0.0025589466094970703
0.002359151840209961
0.00232696533203125
0.0026319026947021484
0.0023620128631591797
0.00232696533203125
0.00400996208190918
0.005896091461181641
0.005103111267089844
0.0029761791229248047
0.0023419857025146484
0.002401113510131836
0.0023310184478759766
0.0026581287384033203
0.002946138381958008
0.0024330615997314453
0.0023360252380371094
0.0024929046630859375
0.0023050308227539062
0.0024039745330810547
0.002811908721923828
0.0026581287384033203
0.0023670196533203125
0.0023529529571533203
0.0023839473724365234
0.0024530887603759766
0.0023260116577148438
0.003741025924682617
0.0023670196533203125
0.004214048385620117
0.002379894256591797
0.0025861263275146484
0.002343893051147461
0.00372314453125
0.0023479461669921875
0.002374887466430664
0.0023500919342041016
0.002357959747314453
0.0023369789123535156
0.002432107925415039
0.002354860305786133
0.002351999282836914
0.0023190975189208984
0.0024290084838867188
0.002397775650024414
0.002385854721069336
0.0023360252380371094
0.0024688243865966797
0.0023169517517089844
0.002355813980102539
0.0023241043090820312
0.002359151840209961
0.0023260116577148438
0.002485990524291992
0.002368927001953125
0.0023779869079589844
0.0023398399353027344
0.002562999725341797
0.002351045608520508
0.002357959747314453
0.002949953079223633
0.0024080276489257812
0.0023119449615478516
0.002424001693725586
0.0023729801177978516
0.0023500919342041016
0.002357006072998047
0.0023729801177978516
0.0023560523986816406
0.0023360252380371094
0.0025789737701416016
0.0023360252380371094
0.002357959747314453
0.002444028854370117
0.0028388500213623047
0.0025920867919921875
0.0023429393768310547
0.0023741722106933594
0.0023069381713867188
0.0023589134216308594
0.0023398399353027344
0.0024001598358154297
0.0023488998413085938
0.0026428699493408203
0.002351999282836914
0.0023670196533203125
0.002325773239135742
0.002582073211669922
0.002640962600708008
0.002474069595336914
0.0025510787963867188
0.0024099349975585938
0.002454996109008789
0.00238800048828125
0.002354145050048828
0.0023908615112304688
0.002312183380126953
0.002357959747314453
0.002335786819458008
0.0023641586303710938
0.002346038818359375
0.0023670196533203125
0.002349853515625
0.002618074417114258
0.0028960704803466797
0.0023860931396484375
0.0023508071899414062
0.002348184585571289
0.0025641918182373047
0.002329111099243164
0.0023500919342041016
0.002382993698120117
0.002421855926513672
0.002362966537475586
0.0023229122161865234
0.002911090850830078
0.0024788379669189453
0.0023729801177978516
0.002357006072998047
0.002351999282836914
0.002357959747314453
0.0026378631591796875
0.002852916717529297
0.0023419857025146484
0.002354860305786133
0.002785205841064453
0.002746105194091797
0.0026650428771972656
0.0024309158325195312
0.0027120113372802734
0.0035419464111328125
0.0024831295013427734
0.002337932586669922
0.0026159286499023438
0.0032470226287841797
0.0023980140686035156
0.0023398399353027344
0.002569913864135742
0.0036780834197998047
0.0039520263671875
0.0023369789123535156
0.00238800048828125
0.0023250579833984375
0.0023419857025146484
0.002393007278442383
0.0023479461669921875
0.002309083938598633
0.002366781234741211
0.0023360252380371094
0.0024139881134033203
0.0024871826171875
0.002346038818359375
0.0023500919342041016
0.0023758411407470703
0.0023529529571533203
0.002360105514526367
0.002354145050048828
0.0026090145111083984
0.0023648738861083984
0.002438068389892578
0.0027589797973632812
0.002689838409423828
0.0023272037506103516
0.002393960952758789
0.0023221969604492188
0.0023682117462158203
0.0023500919342041016
0.0024018287658691406
0.002337932586669922
0.0024271011352539062
0.0025861263275146484
0.002460956573486328
0.0023419857025146484
0.0023610591888427734
0.002962827682495117
0.00238800048828125
0.002315998077392578
0.0023479461669921875
0.002357959747314453
0.0024628639221191406
0.002393007278442383
0.0024080276489257812
0.0023550987243652344
0.0026209354400634766
0.0023529529571533203
0.002370119094848633
0.0023369789123535156
0.0028018951416015625
0.002460002899169922
0.0024268627166748047
0.002476215362548828
0.0024929046630859375
0.0023360252380371094
0.002379894256591797
0.0023250579833984375
0.0024709701538085938
0.002341032028198242
0.0023751258850097656
0.0023322105407714844
0.0024809837341308594
0.0023429393768310547
0.002393960952758789
0.0023529529571533203
0.0023529529571533203
0.0023641586303710938
0.0023660659790039062
0.0023169517517089844
0.0023660659790039062
0.0023641586303710938
0.0036537647247314453
0.0029439926147460938
0.002825021743774414
0.002914905548095703
0.0028870105743408203
0.003142118453979492
0.002727031707763672
0.0023338794708251953
0.002471923828125
0.002382993698120117
0.0026018619537353516
0.003014087677001953
0.0024039745330810547
0.0023109912872314453
0.0024530887603759766
0.0023179054260253906
0.0023789405822753906
0.0023698806762695312
0.0029840469360351562
0.0025031566619873047
0.0023860931396484375
0.002492189407348633
0.0031828880310058594
0.002401113510131836
0.0032639503479003906
0.0023949146270751953
0.0023860931396484375
0.002457857131958008
0.0023660659790039062
0.002357959747314453
0.0024271011352539062
0.002344846725463867
0.002382993698120117
0.0023660659790039062
0.0023720264434814453
0.0027320384979248047
0.002415895462036133
0.0033609867095947266
0.0029921531677246094
0.0025320053100585938
0.0023589134216308594
0.002351999282836914
0.0024261474609375
0.0025010108947753906
0.002376079559326172
0.002357006072998047
0.0024650096893310547
0.002640962600708008
0.0024268627166748047
0.0023069381713867188
0.0028650760650634766
0.0024399757385253906
0.0023729801177978516
0.0023419857025146484
0.002377033233642578
0.0024979114532470703
0.002393960952758789
0.0024018287658691406
0.002385854721069336
0.002329111099243164
0.002615213394165039
0.00244903564453125
0.002379894256591797
0.0023469924926757812
0.0025429725646972656
0.0025370121002197266
0.0023550987243652344
0.002386808395385742
0.0023691654205322266
0.002349853515625
0.002368927001953125
0.0023500919342041016
0.0023529529571533203
0.002399921417236328
0.0023360252380371094
0.002410888671875
0.002374887466430664
0.0023369789123535156
0.0023610591888427734
0.002332925796508789
0.0023779869079589844
0.0023298263549804688
0.0023860931396484375
0.002368927001953125
0.0024099349975585938
0.0026960372924804688
0.002995014190673828
0.0023429393768310547
0.002380847930908203
0.0023419857025146484
0.0023539066314697266
0.0027680397033691406
0.005249977111816406
0.0048100948333740234
0.0039179325103759766
0.0044498443603515625
0.004242897033691406
0.004555940628051758
0.004835844039916992
0.0046160221099853516
0.004647016525268555
0.004815101623535156
0.004268169403076172
0.004228830337524414
0.004461050033569336
0.0036339759826660156
0.00445103645324707
0.004232883453369141
0.004936933517456055
0.004793882369995117
0.0053250789642333984
0.004943132400512695
0.0047168731689453125
0.0045969486236572266
0.0048868656158447266
0.004453897476196289
0.004503965377807617
0.00446009635925293
0.0043561458587646484
0.003821134567260742
0.004122018814086914
0.004472970962524414
0.00391697883605957
0.00477290153503418
0.0026628971099853516
0.003535032272338867
0.004265785217285156
0.003963947296142578
0.002635955810546875
0.002363920211791992
0.0035212039947509766
0.0039038658142089844
0.002496004104614258
0.0030450820922851562
0.0023441314697265625
0.002549886703491211
0.004248142242431641
0.0043468475341796875
0.0030670166015625
0.002521991729736328
0.0043048858642578125
0.003954887390136719
0.004353046417236328
0.00500798225402832
0.005026102066040039
0.0030171871185302734
0.0032460689544677734
0.003183126449584961
0.0032029151916503906
0.0045719146728515625
0.004098176956176758
0.0034749507904052734
0.002373933792114258
0.002557992935180664
0.0023810863494873047
0.003013134002685547
0.0023870468139648438
0.00234222412109375
0.003490924835205078
0.004210948944091797
0.0024330615997314453
0.003587961196899414
0.002633810043334961
0.0024569034576416016
0.005035877227783203
0.0029408931732177734
0.0023670196533203125
0.002686023712158203
0.0025970935821533203
0.0024881362915039062
0.00238800048828125
0.0029010772705078125
0.0023839473724365234
0.0023338794708251953
0.0025289058685302734
0.0023801326751708984
0.002321004867553711
0.0024938583374023438
0.0026090145111083984
0.0026390552520751953
0.002371072769165039
0.003041982650756836
0.002753019332885742
0.0028960704803466797
0.0032868385314941406
0.002349853515625
0.002234935760498047
0.0023069381713867188
0.002315998077392578
0.002198934555053711
0.002708911895751953
0.0037779808044433594
0.003489971160888672
0.0027549266815185547
0.0032529830932617188
0.0036001205444335938
0.0028541088104248047
0.002756834030151367
0.00333404541015625
0.002727985382080078
0.002688884735107422
0.0024330615997314453
0.0024030208587646484
0.002335071563720703
0.0022439956665039062
0.0023458003997802734
0.002254009246826172
0.0021829605102539062
0.002855062484741211
0.002346038818359375
0.0022339820861816406
0.002418994903564453
0.0035750865936279297
