0.004842996597290039
0.004568815231323242
0.00562596321105957
0.0045850276947021484
0.004786014556884766
0.0044438838958740234
0.004544973373413086
0.004452943801879883
0.004523038864135742
0.004530906677246094
0.004432201385498047
0.0055789947509765625
0.006120920181274414
0.004551887512207031
0.004429817199707031
0.006013154983520508
0.004848003387451172
0.004477977752685547
0.004528999328613281
0.0059680938720703125
0.005994081497192383
0.005368947982788086
0.004539012908935547
0.004936933517456055
0.004577159881591797
0.004661083221435547
0.004469156265258789
0.005036830902099609
0.006382942199707031
0.006278038024902344
0.005627155303955078
0.004528999328613281
0.004533052444458008
0.00691986083984375
0.004975080490112305
0.004392147064208984
0.004761934280395508
0.004488945007324219
0.0059452056884765625
0.004925966262817383
0.006287097930908203
0.004416942596435547
0.004467964172363281
0.004706144332885742
0.0044710636138916016
0.00446009635925293
0.004460811614990234
0.004467010498046875
0.00445103645324707
0.005193948745727539
0.004502058029174805
0.004400968551635742
0.004477024078369141
0.004586935043334961
0.004536151885986328
0.004438877105712891
0.004444122314453125
0.0046100616455078125
0.00457000732421875
0.004436969757080078
0.00445103645324707
0.004416942596435547
0.004456996917724609
0.004458904266357422
0.004400014877319336
0.00450587272644043
0.004462003707885742
0.00438380241394043
0.004454135894775391
0.004407167434692383
0.0045261383056640625
0.004503011703491211
0.006031036376953125
0.00454401969909668
0.00442814826965332
0.004603862762451172
0.004561185836791992
0.004395961761474609
0.004425048828125
0.004475831985473633
0.004456996917724609
0.0044710636138916016
0.004437923431396484
0.004514932632446289
0.0047719478607177734
0.0044689178466796875
0.0044879913330078125
0.00481104850769043
0.004479885101318359
0.004519939422607422
0.004462003707885742
0.00451207160949707
0.0044100284576416016
0.004441022872924805
0.004494190216064453
0.004599094390869141
0.004497051239013672
0.004437923431396484
0.004575967788696289
0.004804134368896484
0.0044748783111572266
0.0045850276947021484
0.004549980163574219
0.004446983337402344
0.0044269561767578125
0.004790782928466797
0.0045320987701416016
0.004914999008178711
0.004472970962524414
0.004445791244506836
0.004530191421508789
0.004419088363647461
0.0043718814849853516
0.004498958587646484
0.004410982131958008
0.0044748783111572266
0.004495143890380859
0.004477024078369141
0.006022930145263672
0.0044040679931640625
0.004842042922973633
0.005630970001220703
0.004518985748291016
0.004494905471801758
0.006390094757080078
0.0044879913330078125
0.006021022796630859
0.004465818405151367
0.004415988922119141
0.004412174224853516
0.004701137542724609
0.004475116729736328
0.004456043243408203
0.0044939517974853516
0.004509925842285156
0.0044591426849365234
0.004434108734130859
0.004528999328613281
0.0044939517974853516
0.004762172698974609
0.004431009292602539
0.004433870315551758
0.00459599494934082
0.004515171051025391
0.004419088363647461
0.0044269561767578125
0.004484891891479492
0.008408784866333008
0.0055010318756103516
0.004742860794067383
0.004580974578857422
0.004445791244506836
0.0049211978912353516
0.004454135894775391
0.004447221755981445
0.004419803619384766
0.004506111145019531
0.00447392463684082
0.004474163055419922
0.004448890686035156
0.0044400691986083984
0.004464864730834961
0.0044651031494140625
0.004515171051025391
0.004472017288208008
0.004437923431396484
0.004498004913330078
0.004492044448852539
0.00445103645324707
0.004426002502441406
0.0044438838958740234
0.004448890686035156
0.0045239925384521484
0.004463911056518555
0.004435062408447266
0.0044291019439697266
0.004461050033569336
0.004425048828125
0.004441022872924805
0.0045108795166015625
0.004427194595336914
0.004475116729736328
0.0045239925384521484
0.004376888275146484
0.004497051239013672
0.0045070648193359375
0.004467010498046875
0.0048410892486572266
0.004522800445556641
0.004519939422607422
0.004415988922119141
0.004420042037963867
0.004414081573486328
0.004486083984375
0.006042957305908203
0.0044438838958740234
0.004719972610473633
0.005219936370849609
0.004544973373413086
0.0044138431549072266
0.004531145095825195
0.0044438838958740234
0.004410982131958008
0.004576921463012695
0.004454851150512695
0.004503011703491211
0.0044519901275634766
0.004427909851074219
0.0044519901275634766
0.004739046096801758
0.004398822784423828
0.004413127899169922
0.00485992431640625
0.004462003707885742
0.004539012908935547
0.004683971405029297
0.0044558048248291016
0.004452943801879883
0.004521846771240234
0.004606008529663086
0.004420042037963867
0.004511833190917969
0.0052869319915771484
0.004678010940551758
0.004416942596435547
0.0060160160064697266
0.004546165466308594
0.0045130252838134766
0.0060198307037353516
0.0045528411865234375
0.004427909851074219
0.004530191421508789
0.004503965377807617
0.0047190189361572266
0.004481792449951172
0.00444793701171875
0.004420042037963867
0.004466056823730469
0.0044708251953125
0.0044901371002197266
0.004580020904541016
0.004433155059814453
0.004431009292602539
0.004405021667480469
0.0044820308685302734
0.0044901371002197266
0.00448298454284668
0.004527091979980469
0.004462003707885742
0.004461050033569336
0.0047228336334228516
0.004437923431396484
0.0047321319580078125
0.0045969486236572266
0.004452228546142578
0.004457950592041016
0.004685878753662109
0.004441022872924805
0.004334926605224609
0.004420042037963867
0.0043849945068359375
0.004489898681640625
0.004515171051025391
0.004441976547241211
0.004408836364746094
0.004415035247802734
0.004498958587646484
0.004613161087036133
0.004530906677246094
0.004456996917724609
0.004374980926513672
0.004400014877319336
0.0046939849853515625
0.004395008087158203
0.004354953765869141
0.004434108734130859
0.0046651363372802734
0.004472970962524414
0.00436091423034668
0.004546165466308594
0.004431962966918945
0.004426002502441406
0.0044329166412353516
0.004442930221557617
0.004472970962524414
0.0044629573822021484
0.004412174224853516
0.004435062408447266
0.005988121032714844
0.005240917205810547
0.0052258968353271484
0.004822969436645508
0.004524946212768555
0.004413127899169922
0.004435062408447266
0.004460811614990234
0.004363059997558594
0.004436016082763672
0.0045049190521240234
0.00444483757019043
0.004378080368041992
0.004462003707885742
0.004411935806274414
0.004545927047729492
0.004433155059814453
0.004431962966918945
0.0045130252838134766
0.004500865936279297
0.004374980926513672
0.004519939422607422
0.004374027252197266
0.004430055618286133
0.004395961761474609
0.0044291019439697266
0.004475831985473633
0.004454135894775391
0.004395008087158203
0.004412174224853516
0.004373073577880859
0.0059070587158203125
0.004433155059814453
0.004645109176635742
0.00446319580078125
0.006211996078491211
0.0059299468994140625
0.004832029342651367
0.0044460296630859375
0.004464149475097656
0.004370927810668945
0.00450587272644043
0.0043659210205078125
0.004611015319824219
0.004376888275146484
0.004419088363647461
0.004495859146118164
0.005966901779174805
0.005641937255859375
0.006041049957275391
0.004456043243408203
0.0045318603515625
0.004384040832519531
0.004744052886962891
0.004544973373413086
0.004477024078369141
0.004491090774536133
0.004427909851074219
0.004416227340698242
0.004415035247802734
0.004750967025756836
0.004696846008300781
0.004380941390991211
0.004457950592041016
0.004431962966918945
0.004441976547241211
0.004397153854370117
0.004494905471801758
0.004405021667480469
0.004755973815917969
0.004409074783325195
0.004521846771240234
0.0045108795166015625
0.004381895065307617
0.0043849945068359375
0.004417896270751953
0.004469156265258789
0.004660844802856445
0.004378080368041992
0.004446983337402344
0.004382133483886719
0.004411935806274414
0.004395008087158203
0.004492044448852539
0.004530906677246094
0.004441976547241211
0.004420042037963867
0.004415035247802734
0.0044629573822021484
0.004431962966918945
0.004431009292602539
0.004572868347167969
0.004396200180053711
0.004419803619384766
0.004467964172363281
0.004446983337402344
0.004433870315551758
0.004436969757080078
0.00457000732421875
0.004492044448852539
0.004477024078369141
0.004415035247802734
0.004394054412841797
0.004434108734130859
0.0044519901275634766
0.004436016082763672
0.0045049190521240234
0.004433155059814453
0.004406929016113281
0.004397869110107422
0.004499197006225586
0.004400968551635742
0.004384040832519531
0.0045278072357177734
0.00442194938659668
0.0044858455657958984
0.004415988922119141
0.0044689178466796875
0.004484891891479492
0.004477024078369141
0.004445075988769531
0.00465083122253418
0.004415035247802734
0.0045850276947021484
0.004364013671875
0.004396915435791016
0.00444793701171875
0.004405021667480469
0.004475116729736328
0.004452943801879883
0.004426002502441406
0.004502058029174805
0.004345893859863281
0.004406929016113281
0.004436016082763672
0.004446983337402344
0.0064067840576171875
0.005496978759765625
0.006152153015136719
0.004748106002807617
0.004497051239013672
0.004481077194213867
0.004395961761474609
0.004468202590942383
0.0044629573822021484
0.004559040069580078
0.004431962966918945
0.0044460296630859375
0.00441288948059082
0.0044629573822021484
0.004515171051025391
0.004454851150512695
0.004474163055419922
0.005352020263671875
0.004611968994140625
0.004442930221557617
0.006108999252319336
0.004656076431274414
0.005928993225097656
0.004467964172363281
0.005971193313598633
0.007113933563232422
0.004472970962524414
0.0044708251953125
0.0044040679931640625
0.004514932632446289
0.004557132720947266
0.004434108734130859
0.004400014877319336
0.00444793701171875
0.0045318603515625
0.004512786865234375
0.004395961761474609
0.004405021667480469
0.004408836364746094
0.004403829574584961
0.004359006881713867
0.004523038864135742
0.004545927047729492
0.004488945007324219
0.004640102386474609
0.004546165466308594
0.004506111145019531
0.00448298454284668
0.004415035247802734
0.004462003707885742
0.0044438838958740234
0.005182027816772461
0.006354093551635742
0.004403829574584961
0.0043621063232421875
0.004391908645629883
0.004461050033569336
0.0045130252838134766
0.004375934600830078
0.00444793701171875
0.004829883575439453
0.004762887954711914
0.007038116455078125
0.004455089569091797
0.005133867263793945
0.00451207160949707
0.004439115524291992
0.004472017288208008
0.00444793701171875
0.004406929016113281
0.004626035690307617
0.004595041275024414
0.004333019256591797
0.004436016082763672
0.00447392463684082
0.004396915435791016
0.0043871402740478516
0.0045049190521240234
0.0043392181396484375
0.0044231414794921875
0.004396915435791016
0.004410982131958008
0.004596233367919922
0.004475116729736328
0.004405975341796875
0.004415988922119141
0.004366874694824219
0.00438690185546875
0.004494190216064453
0.00442194938659668
0.004358053207397461
0.004405021667480469
0.0044231414794921875
0.004519939422607422
0.004441976547241211
0.004464149475097656
0.004395961761474609
0.005639076232910156
0.00447392463684082
0.004472970962524414
0.004441022872924805
0.0044708251953125
0.004410982131958008
0.0044519901275634766
0.004479885101318359
0.004426002502441406
0.004372119903564453
0.004436969757080078
0.004418849945068359
0.004499912261962891
0.004457950592041016
0.004586935043334961
0.00442814826965332
0.004430055618286133
0.004472970962524414
0.004521846771240234
0.004374027252197266
0.004445075988769531
0.004374027252197266
0.004459857940673828
0.004539012908935547
0.00453495979309082
0.0043871402740478516
0.0044329166412353516
0.0045070648193359375
0.004502058029174805
0.004426002502441406
0.004439115524291992
0.004411935806274414
0.00603795051574707
0.0046617984771728516
0.005638837814331055
0.004425764083862305
0.0044248104095458984
0.0044100284576416016
0.0045130252838134766
0.004353046417236328
0.005342960357666016
0.005362033843994141
0.004462003707885742
0.0044782161712646484
0.00446009635925293
0.0060350894927978516
0.008323907852172852
0.004467964172363281
0.004414081573486328
0.00452113151550293
0.005939960479736328
0.005143165588378906
0.004806041717529297
0.005053997039794922
0.004637002944946289
0.004397153854370117
0.004367828369140625
0.006170988082885742
0.0044591426849365234
0.004621028900146484
0.004494905471801758
0.00439000129699707
0.004561901092529297
0.004377841949462891
0.004427194595336914
0.004530191421508789
0.004435062408447266
0.004457950592041016
0.004551887512207031
0.004433870315551758
0.0044040679931640625
0.004355907440185547
0.004466056823730469
0.0044820308685302734
0.004461050033569336
0.004400014877319336
0.004450798034667969
0.004419088363647461
0.00449681282043457
0.004860877990722656
0.004430055618286133
0.004396915435791016
0.0044710636138916016
0.00457000732421875
0.004487037658691406
0.004410982131958008
0.004440784454345703
0.004424095153808594
0.004586935043334961
0.0044841766357421875
0.004426002502441406
0.0044291019439697266
0.004414796829223633
0.004366159439086914
0.004419088363647461
0.0044820308685302734
0.0044040679931640625
0.0045659542083740234
0.004466056823730469
0.004364967346191406
0.004667043685913086
0.004374027252197266
0.0044400691986083984
0.0044078826904296875
0.004466056823730469
0.0044438838958740234
0.004453897476196289
0.005320072174072266
0.004411935806274414
0.004405021667480469
0.00450587272644043
0.004420042037963867
0.004476070404052734
0.004441976547241211
0.00441288948059082
0.004370927810668945
0.004478931427001953
0.004438877105712891
0.0044841766357421875
0.004393815994262695
0.004449129104614258
0.0044498443603515625
0.0044062137603759766
0.0044040679931640625
0.0044651031494140625
0.0043828487396240234
0.004454135894775391
0.004548072814941406
0.004415988922119141
0.004415988922119141
0.004436016082763672
0.004405021667480469
0.004590034484863281
0.004397869110107422
0.004518985748291016
0.004413127899169922
0.004467010498046875
0.004460811614990234
0.004506826400756836
0.0044019222259521484
0.004720926284790039
0.004587888717651367
0.00594019889831543
0.004466056823730469
0.004439830780029297
0.004403114318847656
0.004437923431396484
0.004381895065307617
0.0045320987701416016
0.004394054412841797
0.004453897476196289
0.004394054412841797
0.004436016082763672
0.004431009292602539
0.004450082778930664
0.004391908645629883
0.004495859146118164
0.004503011703491211
0.0044820308685302734
0.004458904266357422
0.004436016082763672
0.0044100284576416016
0.0044858455657958984
0.004391908645629883
0.004503965377807617
0.006289958953857422
0.0044820308685302734
0.004344940185546875
0.004405975341796875
0.004616975784301758
0.004481077194213867
0.004405021667480469
0.004593849182128906
0.004438877105712891
0.004519939422607422
0.004387855529785156
0.0044019222259521484
0.004387855529785156
0.004452943801879883
0.004914045333862305
0.004537105560302734
0.004389047622680664
0.004850864410400391
0.004448890686035156
0.004496097564697266
0.004475831985473633
0.004459857940673828
0.00442814826965332
0.004461050033569336
0.0043752193450927734
0.004500865936279297
0.004415035247802734
0.004431009292602539
0.004435062408447266
0.004481077194213867
0.004385948181152344
0.004554033279418945
0.004389047622680664
0.004788875579833984
0.004420042037963867
0.0044591426849365234
0.004456996917724609
0.004565000534057617
0.0044209957122802734
0.004583120346069336
0.004408121109008789
0.004519939422607422
0.00442814826965332
0.004461050033569336
0.004438877105712891
0.004667043685913086
0.004370927810668945
0.004528045654296875
0.0043718814849853516
0.004444122314453125
0.004378080368041992
0.004611015319824219
0.005964040756225586
0.004429817199707031
0.004601001739501953
0.004462003707885742
0.004411935806274414
0.0045130252838134766
0.004387855529785156
0.00453495979309082
0.004354000091552734
0.004433155059814453
0.004478931427001953
0.0044519901275634766
0.004419088363647461
0.004475116729736328
0.004384040832519531
0.004518032073974609
0.004487037658691406
0.004374027252197266
0.004380941390991211
0.004454135894775391
0.004377841949462891
0.004559040069580078
0.0044269561767578125
0.004472017288208008
0.004431962966918945
0.004438877105712891
0.004502058029174805
0.0044939517974853516
0.004402875900268555
0.00442194938659668
0.004538059234619141
0.0044460296630859375
0.004645109176635742
0.0044651031494140625
0.006063938140869141
0.005885124206542969
0.004582881927490234
0.004548788070678711
0.004374027252197266
0.004575014114379883
0.0044269561767578125
0.00445103645324707
0.00481104850769043
0.004519939422607422
0.004419088363647461
0.0044329166412353516
0.004382133483886719
0.004517078399658203
0.005012989044189453
0.004408121109008789
0.004389047622680664
0.004535198211669922
0.0046520233154296875
0.004435062408447266
0.00439000129699707
0.00444793701171875
0.0044209957122802734
0.004436969757080078
0.0048351287841796875
0.004583120346069336
0.004413127899169922
0.004484891891479492
0.004354953765869141
0.004675149917602539
0.0043659210205078125
0.0044291019439697266
0.0043680667877197266
0.004525899887084961
0.004374027252197266
0.004503011703491211
0.0044209957122802734
0.00442814826965332
0.00439000129699707
0.005330085754394531
0.004687070846557617
0.0047261714935302734
0.004413127899169922
0.0045239925384521484
0.004381895065307617
0.0046041011810302734
0.004355192184448242
0.004380226135253906
0.004358053207397461
0.004558086395263672
0.004567861557006836
0.00468897819519043
0.0043909549713134766
0.004494190216064453
0.004487037658691406
0.00441288948059082
0.0044782161712646484
0.004383087158203125
0.004406929016113281
0.00439906120300293
0.00433802604675293
0.004642009735107422
0.004389047622680664
0.00439906120300293
0.004499912261962891
0.004580974578857422
0.0045049190521240234
0.004435062408447266
0.004431962966918945
0.004554033279418945
0.004333972930908203
0.004400014877319336
0.004536867141723633
0.004461050033569336
0.004417896270751953
0.004439115524291992
0.004524946212768555
0.004833221435546875
0.004430055618286133
0.006267070770263672
0.00506591796875
0.004500865936279297
0.004453182220458984
0.004562854766845703
0.004403829574584961
0.004426002502441406
0.004497051239013672
0.0045778751373291016
0.004364013671875
0.004395008087158203
0.004357814788818359
0.004439115524291992
0.004354000091552734
0.00453495979309082
0.004446983337402344
0.00446009635925293
0.0044820308685302734
0.004441976547241211
0.004538059234619141
0.004441976547241211
0.004400968551635742
0.0044100284576416016
0.004678964614868164
0.004522085189819336
0.004435062408447266
0.004433870315551758
0.0044879913330078125
0.004441022872924805
0.004372119903564453
0.004617929458618164
0.005056858062744141
0.0050618648529052734
0.004639863967895508
0.004521846771240234
0.004513978958129883
0.004491090774536133
0.004402875900268555
0.004441022872924805
0.004387855529785156
0.004516124725341797
0.004442930221557617
0.004436969757080078
0.004333972930908203
0.004426002502441406
0.0043828487396240234
0.00454401969909668
0.004435062408447266
0.004489898681640625
0.00459599494934082
0.0044481754302978516
0.0045168399810791016
0.004437923431396484
0.004488945007324219
0.004417896270751953
0.004415035247802734
0.005265951156616211
0.00526118278503418
0.004481792449951172
0.004414796829223633
0.004431009292602539
0.004446983337402344
0.004478931427001953
0.0045588016510009766
0.004450798034667969
0.004420042037963867
0.004467964172363281
0.004478931427001953
0.004392862319946289
0.004333019256591797
0.0044939517974853516
0.004496097564697266
0.004525184631347656
0.006170034408569336
0.0067670345306396484
0.007984161376953125
0.005424976348876953
0.004478931427001953
0.004534006118774414
0.004423856735229492
0.00446009635925293
0.004502058029174805
0.004431009292602539
0.0043790340423583984
0.006331920623779297
0.0055789947509765625
0.005089998245239258
0.005053043365478516
0.0047299861907958984
0.0044858455657958984
0.004647970199584961
0.004934072494506836
0.004787921905517578
0.005239009857177734
0.007821083068847656
0.005926847457885742
0.008812189102172852
0.0066258907318115234
0.005738019943237305
0.005220174789428711
0.0044708251953125
0.005123138427734375
0.004876852035522461
0.005302906036376953
0.004622936248779297
0.00504302978515625
0.004645824432373047
0.0044879913330078125
0.0050580501556396484
0.005211830139160156
0.004703998565673828
0.005597829818725586
0.005175113677978516
0.005839824676513672
0.005304098129272461
0.0048999786376953125
0.005539894104003906
0.00591588020324707
0.005060911178588867
0.00609898567199707
0.004544973373413086
0.004709959030151367
0.005491018295288086
0.005342006683349609
0.005583047866821289
0.0054569244384765625
0.005640983581542969
0.005215167999267578
0.006218910217285156
0.004683971405029297
0.006314992904663086
0.0057299137115478516
0.006856203079223633
0.006412982940673828
0.0061380863189697266
0.004750967025756836
0.005027055740356445
0.004828929901123047
0.005728960037231445
0.007478952407836914
0.006536960601806641
0.007688999176025391
0.009109973907470703
0.008623123168945312
0.005092144012451172
0.004637956619262695
0.0062830448150634766
0.004656076431274414
0.005816936492919922
