0.0033080577850341797
0.004681110382080078
0.004191875457763672
0.0028619766235351562
0.0026531219482421875
0.0027849674224853516
0.0029489994049072266
0.002630949020385742
0.0027620792388916016
0.0038230419158935547
0.0029668807983398438
0.002702951431274414
0.0027070045471191406
0.0026781558990478516
0.0026412010192871094
0.0036230087280273438
0.003837108612060547
0.0032978057861328125
0.0031549930572509766
0.0029120445251464844
0.0026569366455078125
0.002975940704345703
0.0032892227172851562
0.0026750564575195312
0.002752065658569336
0.0026760101318359375
0.002650022506713867
0.0026988983154296875
0.0040400028228759766
0.0034971237182617188
0.003860950469970703
0.0030319690704345703
0.0033621788024902344
0.0033140182495117188
0.003370046615600586
0.0028829574584960938
0.0030999183654785156
0.0026671886444091797
0.0039861202239990234
0.0036668777465820312
0.0034508705139160156
0.0032999515533447266
0.003014087677001953
0.003092050552368164
0.0026710033416748047
0.0026428699493408203
0.002679109573364258
0.0027718544006347656
0.002679109573364258
0.002791881561279297
0.002668142318725586
0.002741098403930664
0.0031108856201171875
0.004081010818481445
0.003353118896484375
0.003371000289916992
0.003320932388305664
0.0029959678649902344
0.0028231143951416016
0.0026688575744628906
0.0026590824127197266
0.0027000904083251953
0.002643108367919922
0.002756834030151367
0.002663135528564453
0.0026819705963134766
0.004375934600830078
0.003292083740234375
0.003618955612182617
0.004057884216308594
0.0033800601959228516
0.0034461021423339844
0.0032432079315185547
0.0029191970825195312
0.002691030502319336
0.002877950668334961
0.002752065658569336
0.0026559829711914062
0.003142833709716797
0.0041201114654541016
0.0032999515533447266
0.003340005874633789
0.0033211708068847656
0.0030448436737060547
0.003628969192504883
0.0030601024627685547
0.0032758712768554688
0.002685070037841797
0.00438380241394043
0.003322124481201172
0.0033550262451171875
0.0032939910888671875
0.003244161605834961
0.0029289722442626953
0.0027570724487304688
0.0026769638061523438
0.0026979446411132812
0.0026450157165527344
0.0026628971099853516
0.0026798248291015625
0.0034799575805664062
0.002894878387451172
0.0033931732177734375
0.0026531219482421875
0.0026531219482421875
0.002658843994140625
0.0026650428771972656
0.002649068832397461
0.002646207809448242
0.0026199817657470703
0.0045299530029296875
0.0031609535217285156
0.0027229785919189453
0.0037097930908203125
0.0026509761810302734
0.002646923065185547
0.0026950836181640625
0.0032498836517333984
0.004069089889526367
0.003329038619995117
0.004791975021362305
0.003292083740234375
0.003061056137084961
0.004592180252075195
0.0038819313049316406
0.003325939178466797
0.0031180381774902344
0.0028870105743408203
0.0029299259185791016
0.003203153610229492
0.0027070045471191406
0.002789020538330078
0.0026869773864746094
0.0027091503143310547
0.003818988800048828
0.0027480125427246094
0.0026619434356689453
0.0038890838623046875
0.004293918609619141
0.0034148693084716797
0.003381013870239258
0.0029120445251464844
0.002875089645385742
0.0026280879974365234
0.00433802604675293
0.0033998489379882812
0.002994060516357422
0.002899169921875
0.0030870437622070312
0.002938985824584961
0.002897024154663086
0.002711057662963867
0.0026471614837646484
0.002649068832397461
0.00327301025390625
0.0031249523162841797
0.002791166305541992
0.002670764923095703
0.0026960372924804688
0.0027909278869628906
0.0028371810913085938
0.002652883529663086
0.002749919891357422
0.0030410289764404297
0.0026857852935791016
0.0026521682739257812
0.002669811248779297
0.0036520957946777344
0.00409698486328125
0.0056018829345703125
0.0065190792083740234
0.005936861038208008
0.005958080291748047
0.0060710906982421875
0.004996061325073242
0.003381967544555664
0.004518032073974609
0.006088972091674805
0.0056819915771484375
0.006062984466552734
0.008508920669555664
0.008174896240234375
0.006105899810791016
0.005998134613037109
0.005652904510498047
0.005651235580444336
0.006053924560546875
0.006075143814086914
0.00640106201171875
0.005774021148681641
0.0059549808502197266
0.00602412223815918
0.00595402717590332
0.0060231685638427734
0.005620002746582031
0.0058629512786865234
0.006371974945068359
0.005815982818603516
0.006244182586669922
0.006750822067260742
0.007013082504272461
0.0057070255279541016
0.005667924880981445
0.005989789962768555
0.005557060241699219
0.005772113800048828
0.00669097900390625
0.005569934844970703
0.005522966384887695
0.005458831787109375
0.0058400630950927734
0.009380102157592773
0.00609588623046875
0.004057168960571289
0.004417896270751953
0.005815982818603516
0.004801034927368164
0.003779888153076172
0.005372047424316406
0.004987001419067383
0.0038199424743652344
0.0027959346771240234
0.0028510093688964844
0.0039958953857421875
0.0045261383056640625
0.005157947540283203
0.005609035491943359
0.005849123001098633
0.0061490535736083984
0.006066083908081055
0.0059778690338134766
0.0037260055541992188
0.0030040740966796875
0.0053899288177490234
0.0031011104583740234
0.004870891571044922
0.003763914108276367
0.005476951599121094
0.005386829376220703
0.00613093376159668
0.004380941390991211
0.00400090217590332
0.002897977828979492
0.00624394416809082
0.006132841110229492
0.0041310787200927734
0.007803201675415039
0.004359006881713867
0.003467082977294922
0.0057981014251708984
0.005812883377075195
0.008490800857543945
0.006932973861694336
0.005620002746582031
0.00622105598449707
0.006551980972290039
0.0066831111907958984
0.007834196090698242
0.008723974227905273
0.008298873901367188
0.008090972900390625
0.015333890914916992
0.007443904876708984
0.00622105598449707
0.005995035171508789
0.006663084030151367
0.007491111755371094
0.005401134490966797
0.007192134857177734
0.009412050247192383
0.007255077362060547
0.007522106170654297
0.007617950439453125
0.0072247982025146484
0.007040977478027344
0.008002042770385742
0.007745027542114258
0.007672786712646484
0.008011817932128906
0.006747007369995117
0.0059490203857421875
0.004084110260009766
0.004528999328613281
0.00661921501159668
0.0049288272857666016
0.0034821033477783203
0.0035848617553710938
0.0033309459686279297
0.005001068115234375
0.0060520172119140625
0.0038700103759765625
0.00492405891418457
0.003144979476928711
0.002802133560180664
0.0035521984100341797
0.003101825714111328
0.0031151771545410156
0.003454923629760742
0.004126071929931641
0.0033860206604003906
0.004597902297973633
0.003942966461181641
0.0036230087280273438
0.002925872802734375
0.0027458667755126953
0.0034160614013671875
0.0075910091400146484
0.004750967025756836
0.014611959457397461
0.004952192306518555
0.0059070587158203125
0.0028090476989746094
0.003871917724609375
0.0028221607208251953
0.0038750171661376953
0.007946968078613281
0.002794981002807617
0.006461143493652344
0.004297971725463867
0.0054929256439208984
0.003982067108154297
0.007184028625488281
0.0054590702056884766
0.005587100982666016
0.0074269771575927734
0.007828950881958008
0.005556821823120117
0.003676176071166992
0.00494384765625
0.005337953567504883
0.005606889724731445
0.006496906280517578
0.004808902740478516
0.007668018341064453
0.003075838088989258
0.0029289722442626953
0.003774881362915039
0.002805948257446289
0.0036468505859375
0.003709077835083008
0.0027840137481689453
0.0028269290924072266
0.0035400390625
0.003632068634033203
0.004479885101318359
0.004395008087158203
0.0027740001678466797
0.005327939987182617
0.004527091979980469
0.0040171146392822266
0.00542902946472168
0.0038280487060546875
0.0027840137481689453
0.004052877426147461
0.0027909278869628906
0.0037260055541992188
0.006245136260986328
0.006173849105834961
0.006017208099365234
0.031877994537353516
0.005421161651611328
0.006317138671875
0.018017053604125977
0.007080078125
0.0062520503997802734
0.005120992660522461
0.004481077194213867
0.0032529830932617188
0.003612041473388672
0.006104946136474609
0.004758119583129883
0.0031480789184570312
0.0032341480255126953
0.0035200119018554688
0.0033860206604003906
0.002816915512084961
0.002891063690185547
0.005525827407836914
0.0027899742126464844
0.0048100948333740234
0.0031130313873291016
0.0030059814453125
0.00595402717590332
0.003996849060058594
0.0027799606323242188
0.0027990341186523438
0.002749919891357422
0.004497051239013672
0.00454401969909668
0.003209829330444336
0.004380941390991211
0.0043070316314697266
0.005115985870361328
0.002805948257446289
0.003932952880859375
0.004397869110107422
0.0032219886779785156
0.00296783447265625
0.0055468082427978516
0.002844095230102539
0.0027959346771240234
0.0036590099334716797
0.003264188766479492
0.005182027816772461
0.003928184509277344
0.003571033477783203
0.0047130584716796875
0.007070064544677734
0.0033359527587890625
0.004499912261962891
0.00406193733215332
0.002833843231201172
0.0034880638122558594
0.008528947830200195
0.003011941909790039
0.002791166305541992
0.0027740001678466797
0.006846904754638672
0.007073879241943359
0.0066831111907958984
0.006414175033569336
0.0060999393463134766
0.00634312629699707
0.005958080291748047
0.0038940906524658203
0.005769014358520508
0.005331993103027344
0.004407167434692383
0.004899024963378906
0.002811908721923828
0.004868030548095703
0.0048410892486572266
0.0048999786376953125
0.0028312206268310547
0.005666971206665039
0.0037851333618164062
0.0034470558166503906
0.00426793098449707
0.00345611572265625
0.003657102584838867
0.0034999847412109375
0.002819061279296875
0.002775907516479492
0.004925966262817383
0.0064771175384521484
0.002843141555786133
0.005446910858154297
0.005934953689575195
0.005799055099487305
0.0059511661529541016
0.005796909332275391
0.004297018051147461
0.006119966506958008
0.00460505485534668
0.004417896270751953
0.0032041072845458984
0.004620075225830078
0.003198862075805664
0.003412961959838867
0.0030341148376464844
0.0026540756225585938
0.0026819705963134766
0.002622842788696289
0.002660036087036133
0.002652883529663086
0.0026731491088867188
0.0026149749755859375
0.002727985382080078
0.0034079551696777344
0.0026772022247314453
0.0027761459350585938
0.0035049915313720703
0.0042340755462646484
0.0036160945892333984
0.0036711692810058594
0.003731966018676758
0.0036039352416992188
0.003997087478637695
0.003641843795776367
0.003374814987182617
0.002811908721923828
0.0029249191284179688
0.004187107086181641
0.003130197525024414
0.0033440589904785156
0.0032510757446289062
0.0032570362091064453
0.003932952880859375
0.00310516357421875
0.003659963607788086
0.0030930042266845703
0.003942966461181641
0.0032529830932617188
0.0030858516693115234
0.003610849380493164
0.003187894821166992
0.0034079551696777344
0.0034339427947998047
0.0031599998474121094
0.0036051273345947266
0.0031080245971679688
0.0031769275665283203
0.003470897674560547
0.0032608509063720703
0.00418400764465332
0.0029458999633789062
0.004641056060791016
0.0032279491424560547
0.0033969879150390625
0.003520965576171875
0.0032570362091064453
0.003145933151245117
0.003462076187133789
0.003208160400390625
0.0033440589904785156
0.0035080909729003906
0.003341197967529297
0.0035321712493896484
0.0032439231872558594
0.003336191177368164
0.003618001937866211
0.0031769275665283203
0.0031740665435791016
0.0035300254821777344
0.003423929214477539
0.003654003143310547
0.003368854522705078
0.0033500194549560547
0.003412008285522461
0.0031800270080566406
0.0039520263671875
0.0029909610748291016
0.002875089645385742
0.0029621124267578125
0.0028579235076904297
0.0028128623962402344
0.0027909278869628906
0.0028541088104248047
0.0027899742126464844
0.00290679931640625
0.0027718544006347656
0.0027740001678466797
0.0027899742126464844
0.0028150081634521484
0.003033876419067383
0.002833127975463867
0.002810955047607422
0.0032961368560791016
0.0028879642486572266
0.0029158592224121094
0.0028100013732910156
0.0028259754180908203
0.0028040409088134766
0.0028450489044189453
0.002763986587524414
0.0030679702758789062
0.002919912338256836
0.005651950836181641
0.003760099411010742
0.002824068069458008
0.0028100013732910156
0.0029630661010742188
0.0027709007263183594
0.0031690597534179688
0.0027790069580078125
0.003062009811401367
0.0028870105743408203
0.002847909927368164
0.0028290748596191406
0.0033540725708007812
0.0046770572662353516
0.0034248828887939453
0.005299091339111328
0.004277944564819336
0.0028769969940185547
0.0028030872344970703
0.0027599334716796875
0.002911806106567383
0.002824068069458008
0.002816915512084961
0.0027740001678466797
0.002914905548095703
0.0027930736541748047
0.0028188228607177734
0.0035669803619384766
0.002816915512084961
0.0027968883514404297
0.002911806106567383
0.004377841949462891
0.0033109188079833984
0.0028040409088134766
0.0029821395874023438
0.002824068069458008
0.0029191970825195312
0.0030050277709960938
0.0037190914154052734
0.003036975860595703
0.00432586669921875
0.002777099609375
0.0028040409088134766
0.002794981002807617
0.0030069351196289062
0.0028519630432128906
0.004021883010864258
0.0028901100158691406
0.0032889842987060547
0.002950906753540039
0.002783060073852539
0.0028200149536132812
0.004236936569213867
0.0028181076049804688
0.002824068069458008
0.002872943878173828
0.002846956253051758
0.0029850006103515625
0.002791166305541992
0.0028929710388183594
0.002824068069458008
0.002752065658569336
0.0028150081634521484
0.0028247833251953125
0.002857208251953125
0.0027930736541748047
0.0027840137481689453
0.0027990341186523438
0.0031189918518066406
0.0027840137481689453
0.0028340816497802734
0.0032548904418945312
0.0028078556060791016
0.0027551651000976562
0.002839803695678711
0.002763986587524414
0.002897024154663086
0.0027730464935302734
0.002825021743774414
0.003111124038696289
0.0028150081634521484
0.0027480125427246094
0.0027959346771240234
0.0031239986419677734
0.0028128623962402344
0.0028409957885742188
0.0028569698333740234
0.0027761459350585938
0.0028297901153564453
0.003033161163330078
0.0029098987579345703
0.0027921199798583984
0.002810955047607422
0.002928018569946289
0.003381013870239258
0.002786874771118164
0.0040111541748046875
0.0036292076110839844
0.003306865692138672
0.003993988037109375
0.0029449462890625
0.0030100345611572266
0.0028471946716308594
0.0027861595153808594
0.0028228759765625
0.0028028488159179688
0.0028181076049804688
0.002916097640991211
0.0029039382934570312
0.0030329227447509766
0.0033948421478271484
0.0028200149536132812
0.00279998779296875
0.003896951675415039
0.0028371810913085938
0.002834796905517578
0.0028810501098632812
0.002791166305541992
0.002816915512084961
0.0027570724487304688
0.003994941711425781
0.003114938735961914
0.002866983413696289
0.002830982208251953
0.0029001235961914062
0.002814054489135742
0.002927064895629883
0.0028061866760253906
0.0028209686279296875
0.0027551651000976562
0.003058910369873047
0.002791166305541992
0.0032529830932617188
0.002995014190673828
0.002830028533935547
0.002766847610473633
0.0028209686279296875
0.0027511119842529297
0.002833843231201172
0.002763986587524414
0.002836942672729492
0.0028820037841796875
0.002794981002807617
0.0028901100158691406
0.002866029739379883
0.002786874771118164
0.002838134765625
0.0028328895568847656
0.0027899742126464844
0.002877950668334961
0.002850055694580078
0.0027971267700195312
0.0030181407928466797
0.002782106399536133
0.002766847610473633
0.0029909610748291016
0.003387928009033203
0.0028378963470458984
0.0028638839721679688
0.002802133560180664
0.002803802490234375
0.002772092819213867
0.003033876419067383
0.002877950668334961
0.0028269290924072266
0.0027489662170410156
0.0028738975524902344
0.0032448768615722656
0.0028820037841796875
0.003103971481323242
0.002814054489135742
0.0028748512268066406
0.002832174301147461
0.0030372142791748047
0.002930879592895508
0.002780914306640625
0.0028040409088134766
0.0028009414672851562
0.0034799575805664062
0.002791881561279297
0.0028090476989746094
0.004017829895019531
0.002964019775390625
0.002846956253051758
0.0036449432373046875
0.002808094024658203
0.002817869186401367
0.0027899742126464844
0.0028281211853027344
0.002768993377685547
0.002892017364501953
0.0027959346771240234
0.0028429031372070312
0.0027740001678466797
0.0030829906463623047
0.0033838748931884766
0.002850055694580078
0.0027790069580078125
0.002846956253051758
0.0028009414672851562
0.002849102020263672
0.002747058868408203
0.0027959346771240234
0.002913951873779297
0.0028259754180908203
0.003019094467163086
0.002969980239868164
0.003264188766479492
0.0028231143951416016
0.0027370452880859375
0.0028591156005859375
0.002789020538330078
0.002816915512084961
0.002763986587524414
0.0028450489044189453
0.0028769969940185547
0.0030710697174072266
0.002766132354736328
0.0054280757904052734
0.002825021743774414
0.002794027328491211
0.002797842025756836
0.002892017364501953
0.0027740001678466797
0.002827167510986328
0.0029990673065185547
0.002817869186401367
0.002766132354736328
0.0028128623962402344
0.0027959346771240234
0.0028009414672851562
0.0029239654541015625
0.0028228759765625
0.0027909278869628906
0.002814054489135742
0.002902984619140625
0.003049135208129883
0.0028629302978515625
0.0028688907623291016
0.0028541088104248047
0.0038840770721435547
0.0031380653381347656
0.0028171539306640625
0.002794981002807617
0.002791881561279297
0.0030028820037841797
0.0027878284454345703
0.0031151771545410156
0.002911090850830078
0.002819061279296875
0.0028200149536132812
0.003343820571899414
0.002952098846435547
0.002777099609375
0.002805948257446289
0.0028748512268066406
0.002808094024658203
0.0030770301818847656
0.0028090476989746094
0.0028200149536132812
0.0028939247131347656
0.0028018951416015625
0.0027980804443359375
0.0033349990844726562
0.002797842025756836
0.002763986587524414
0.002972126007080078
0.002785921096801758
0.0028879642486572266
0.0027480125427246094
0.002856016159057617
0.0027980804443359375
0.003202199935913086
0.002794027328491211
0.002813100814819336
0.0028100013732910156
0.002794027328491211
0.0027790069580078125
0.002805948257446289
0.003056049346923828
0.0035300254821777344
0.002783060073852539
0.002825021743774414
0.002767801284790039
0.002801179885864258
0.0027709007263183594
0.002825021743774414
0.0028018951416015625
0.0028738975524902344
0.002756834030151367
0.003086090087890625
0.003178119659423828
0.003011941909790039
0.0027780532836914062
0.0028619766235351562
0.002813100814819336
0.002835988998413086
0.0030570030212402344
0.0027840137481689453
0.0027468204498291016
0.0028700828552246094
0.002838134765625
0.002797842025756836
0.0035181045532226562
0.0028319358825683594
0.002856016159057617
0.003081083297729492
0.002827882766723633
0.002835988998413086
0.0027790069580078125
0.0028150081634521484
0.0028350353240966797
0.002817869186401367
0.0029039382934570312
0.002816915512084961
0.002816915512084961
0.0027980804443359375
0.0027730464935302734
0.0028269290924072266
0.0027990341186523438
0.0028269290924072266
0.0027730464935302734
0.0037009716033935547
0.0027649402618408203
0.002855062484741211
0.0027840137481689453
0.003448963165283203
0.0028221607208251953
0.0028209686279296875
0.0028960704803466797
0.0029039382934570312
0.0028061866760253906
0.0030260086059570312
0.0027899742126464844
0.002814054489135742
0.002801179885864258
0.00279998779296875
0.0029180049896240234
0.003548860549926758
0.0027871131896972656
0.002810955047607422
0.0027740001678466797
0.0029010772705078125
0.0030519962310791016
0.0028150081634521484
0.002905130386352539
0.002980947494506836
0.0027670860290527344
0.002813100814819336
0.0034401416778564453
0.002811908721923828
0.0027570724487304688
0.0034990310668945312
0.0029649734497070312
0.003933906555175781
0.002835988998413086
0.002817869186401367
0.0027780532836914062
0.002825021743774414
0.0028951168060302734
0.002833127975463867
0.002816915512084961
0.0029189586639404297
0.0027840137481689453
0.0030770301818847656
0.0030891895294189453
0.0029268264770507812
0.0027589797973632812
0.0027909278869628906
0.0027780532836914062
0.002969980239868164
0.0033180713653564453
0.002801179885864258
0.0028159618377685547
0.0030930042266845703
0.0027840137481689453
0.0027930736541748047
0.003390073776245117
0.0028150081634521484
0.0028839111328125
0.002813100814819336
0.002749919891357422
0.002804994583129883
0.002763032913208008
0.0030570030212402344
0.0038270950317382812
0.0028460025787353516
0.0029001235961914062
0.0030128955841064453
0.0027701854705810547
0.0028028488159179688
0.0029480457305908203
0.0028209686279296875
0.002819061279296875
0.0028100013732910156
0.002959012985229492
0.002839803695678711
0.002813100814819336
0.0028150081634521484
0.002772808074951172
0.002788066864013672
0.002794027328491211
0.0028121471405029297
0.0030138492584228516
0.0028688907623291016
0.0027990341186523438
0.003131866455078125
0.0028069019317626953
0.0028519630432128906
0.002868175506591797
0.0027887821197509766
0.003019094467163086
0.003126859664916992
0.004158973693847656
0.0030689239501953125
0.0029630661010742188
0.002813100814819336
0.003075122833251953
0.0028171539306640625
0.0028688907623291016
0.002930164337158203
0.0029549598693847656
0.0038099288940429688
0.002807140350341797
0.002804994583129883
0.0027709007263183594
0.0028030872344970703
0.0034379959106445312
0.003152132034301758
0.0027420520782470703
0.002805948257446289
0.002760171890258789
0.0028209686279296875
0.0028769969940185547
0.0028340816497802734
0.0027458667755126953
0.0029020309448242188
0.002827167510986328
0.0028460025787353516
0.0028450489044189453
0.0028100013732910156
0.0028738975524902344
0.002810955047607422
