0.002512216567993164
0.002357006072998047
0.002368927001953125
0.00238800048828125
0.004042863845825195
0.004967927932739258
0.0051288604736328125
0.0049779415130615234
0.003614187240600586
0.002382040023803711
0.002630949020385742
0.0024051666259765625
0.003248929977416992
0.002599000930786133
0.0023779869079589844
0.0026018619537353516
0.0032949447631835938
0.0023560523986816406
0.0023469924926757812
0.0023729801177978516
0.0036020278930664062
0.002429962158203125
0.0023598670959472656
0.0023851394653320312
0.002454042434692383
0.002405881881713867
0.0024819374084472656
0.0023670196533203125
0.0023670196533203125
0.002379894256591797
0.0024890899658203125
0.002360105514526367
0.002360105514526367
0.0023670196533203125
0.0024590492248535156
0.0023720264434814453
0.0023860931396484375
0.002343893051147461
0.0023899078369140625
0.0031499862670898438
0.0031731128692626953
0.0024030208587646484
0.002363920211791992
0.0025110244750976562
0.0023910999298095703
0.002460002899169922
0.0023391246795654297
0.0023849010467529297
0.002454042434692383
0.0023801326751708984
0.002328157424926758
0.0023429393768310547
0.0023539066314697266
0.002337932586669922
0.0024259090423583984
0.0023970603942871094
0.0023708343505859375
0.002504110336303711
0.0023729801177978516
0.002382040023803711
0.0023589134216308594
0.0024099349975585938
0.0023360252380371094
0.0023419857025146484
0.0024650096893310547
0.002315044403076172
0.002440929412841797
0.0023539066314697266
0.0023500919342041016
0.0023469924926757812
0.0023839473724365234
0.0024499893188476562
0.0023767948150634766
0.002321004867553711
0.0024840831756591797
0.0023801326751708984
0.0023560523986816406
0.0023839473724365234
0.0023720264434814453
0.0023620128631591797
0.0023899078369140625
0.0023849010467529297
0.002382040023803711
0.0023729801177978516
0.0024509429931640625
0.0023550987243652344
0.002354860305786133
0.0023870468139648438
0.0030260086059570312
0.0029828548431396484
0.0023369789123535156
0.002404928207397461
0.0026619434356689453
0.0024340152740478516
0.003261089324951172
0.0032799243927001953
0.0024170875549316406
0.0027921199798583984
0.002373933792114258
0.002354145050048828
0.002407073974609375
0.0023648738861083984
0.0025510787963867188
0.002370119094848633
0.0023941993713378906
0.002355813980102539
0.0023779869079589844
0.0023870468139648438
0.002319812774658203
0.002454042434692383
0.0023419857025146484
0.002357959747314453
0.00244903564453125
0.002382993698120117
0.0023789405822753906
0.002357959747314453
0.002376079559326172
0.0023641586303710938
0.0023910999298095703
0.0023589134216308594
0.0024518966674804688
0.002337932586669922
0.0024688243865966797
0.0023679733276367188
0.00238800048828125
0.0023529529571533203
0.002362966537475586
0.002341032028198242
0.002382040023803711
0.0024330615997314453
0.002334117889404297
0.002351045608520508
0.002429962158203125
0.002382040023803711
0.0023970603942871094
0.0023679733276367188
0.002379179000854492
0.002359151840209961
0.002374887466430664
0.0024290084838867188
0.0023729801177978516
0.002399921417236328
0.0024759769439697266
0.002351045608520508
0.002402067184448242
0.002626180648803711
0.0023849010467529297
0.002334117889404297
0.0026769638061523438
0.0033719539642333984
0.002351999282836914
0.002331972122192383
0.0024759769439697266
0.0023810863494873047
0.002373933792114258
0.002421140670776367
0.002380847930908203
0.002341032028198242
0.002344846725463867
0.0023660659790039062
0.002349853515625
0.002351999282836914
0.002508878707885742
0.002401113510131836
0.002349853515625
0.002351999282836914
0.0023779869079589844
0.0023488998413085938
0.002332925796508789
0.002351999282836914
0.0023708343505859375
0.002382993698120117
0.002516031265258789
0.0023589134216308594
0.002416849136352539
0.0023660659790039062
0.0024220943450927734
0.0023691654205322266
0.0023708343505859375
0.0023949146270751953
0.0024001598358154297
0.0023751258850097656
0.0026328563690185547
0.0023779869079589844
0.0023491382598876953
0.002338886260986328
0.0023910999298095703
0.0023560523986816406
0.0023660659790039062
0.002362966537475586
0.002357959747314453
0.0023419857025146484
0.002529144287109375
0.0023419857025146484
0.0023670196533203125
0.002357006072998047
0.002351045608520508
0.0023589134216308594
0.0023679733276367188
0.0023589134216308594
0.002357006072998047
0.0023620128631591797
0.0024361610412597656
0.002331972122192383
0.002357959747314453
0.0023670196533203125
0.0024900436401367188
0.002389192581176758
0.0033690929412841797
0.0023751258850097656
0.0023899078369140625
0.0023920536041259766
0.004030942916870117
0.002894878387451172
0.0028989315032958984
0.0023758411407470703
0.0037069320678710938
0.0023860931396484375
0.0037190914154052734
0.005013942718505859
0.002897024154663086
0.0038139820098876953
0.0038340091705322266
0.0023789405822753906
0.0027658939361572266
0.0031239986419677734
0.0030488967895507812
0.0024030208587646484
0.0025949478149414062
0.002585172653198242
0.0029449462890625
0.002373933792114258
0.003011941909790039
0.003094911575317383
0.002393007278442383
0.003122091293334961
0.004127979278564453
0.002376079559326172
0.0039310455322265625
0.004297018051147461
0.002789020538330078
0.0027348995208740234
0.0027158260345458984
0.003064870834350586
0.002385854721069336
0.0024619102478027344
0.0024750232696533203
0.0027451515197753906
0.0023720264434814453
0.0028600692749023438
0.0025081634521484375
0.002766847610473633
0.0034911632537841797
0.002602100372314453
0.0025110244750976562
0.0023550987243652344
0.002290010452270508
0.0028181076049804688
0.0032889842987060547
0.0025620460510253906
0.0025169849395751953
0.0023720264434814453
0.0037958621978759766
0.002819061279296875
0.0023651123046875
0.003091096878051758
0.002362966537475586
0.0023479461669921875
0.0023229122161865234
0.003075122833251953
0.002331972122192383
0.0032122135162353516
0.0037200450897216797
0.0028219223022460938
0.0023708343505859375
0.002360820770263672
0.0025911331176757812
0.003280162811279297
0.0034761428833007812
0.002866983413696289
0.003506898880004883
0.003283977508544922
0.003528118133544922
0.00432586669921875
0.0023910999298095703
0.0032210350036621094
0.0023851394653320312
0.004114866256713867
0.004730939865112305
0.0028982162475585938
0.0025780200958251953
0.0025680065155029297
0.0031099319458007812
0.0031359195709228516
0.002368927001953125
0.0024709701538085938
0.0023479461669921875
0.0024330615997314453
0.003429889678955078
0.003122091293334961
0.0023529529571533203
0.003740072250366211
0.004199028015136719
0.0025870800018310547
0.0023431777954101562
0.0026209354400634766
0.0034110546112060547
0.0024061203002929688
0.0023779869079589844
0.00311279296875
0.0031020641326904297
0.0031549930572509766
0.0027570724487304688
0.0028200149536132812
0.0023810863494873047
0.0025289058685302734
0.0030798912048339844
0.003098011016845703
0.004767894744873047
0.003715038299560547
0.0030219554901123047
0.0024039745330810547
0.002438068389892578
0.002576112747192383
0.0029659271240234375
0.004122018814086914
0.0027909278869628906
0.0023670196533203125
0.0036361217498779297
0.0027818679809570312
0.003142833709716797
0.0023810863494873047
0.002785921096801758
0.0033490657806396484
0.0030670166015625
0.002379179000854492
0.003924846649169922
0.004671812057495117
0.0023920536041259766
0.0023620128631591797
0.0023419857025146484
0.002454996109008789
0.002552032470703125
0.002412080764770508
0.0023670196533203125
0.0023920536041259766
0.002351999282836914
0.002390146255493164
0.0023288726806640625
0.002398967742919922
0.002340078353881836
0.0024890899658203125
0.002340078353881836
0.002412080764770508
0.00244903564453125
0.0023550987243652344
0.0023279190063476562
0.0024271011352539062
0.0023698806762695312
0.002370119094848633
0.002324819564819336
0.0024149417877197266
0.0023429393768310547
0.002363920211791992
0.0023899078369140625
0.0023860931396484375
0.0023679733276367188
0.002368927001953125
0.00238800048828125
0.0024788379669189453
0.002337217330932617
0.002473115921020508
0.002332925796508789
0.0023810863494873047
0.002321958541870117
0.0024590492248535156
0.0023698806762695312
0.0023431777954101562
0.0023870468139648438
0.0023779869079589844
0.0023419857025146484
0.002441883087158203
0.002444028854370117
0.0025458335876464844
0.0023698806762695312
0.002393960952758789
0.002346038818359375
0.0024039745330810547
0.002385854721069336
0.0023500919342041016
0.0023779869079589844
0.0042760372161865234
0.0026750564575195312
0.0023679733276367188
0.002321004867553711
0.002499103546142578
0.0024499893188476562
0.002664804458618164
0.0025131702423095703
0.0026640892028808594
0.0024139881134033203
0.00286102294921875
0.002707958221435547
0.002393960952758789
0.002351999282836914
0.0023450851440429688
0.0023658275604248047
0.0024290084838867188
0.002374887466430664
0.002424955368041992
0.002357006072998047
0.002374887466430664
0.0024499893188476562
0.0023910999298095703
0.0023407936096191406
0.0023550987243652344
0.0023419857025146484
0.002362966537475586
0.002347230911254883
0.002415180206298828
0.002357006072998047
0.0025959014892578125
0.0025260448455810547
0.0024170875549316406
0.0023360252380371094
0.002363920211791992
0.002346038818359375
0.0023849010467529297
0.002722024917602539
0.0024480819702148438
0.002402067184448242
0.0024700164794921875
0.002460956573486328
0.0023488998413085938
0.0023360252380371094
0.0023620128631591797
0.0023348331451416016
0.002735137939453125
0.0023670196533203125
0.0024750232696533203
0.0024521350860595703
0.0024080276489257812
0.0023598670959472656
0.0024139881134033203
0.002332925796508789
0.002393007278442383
0.0023670196533203125
0.0023610591888427734
0.002338886260986328
0.0025548934936523438
0.00234222412109375
0.0023560523986816406
0.002346038818359375
0.0023920536041259766
0.002307891845703125
0.002404928207397461
0.0023620128631591797
0.002349853515625
0.0023720264434814453
0.002440929412841797
0.002360105514526367
0.00238800048828125
0.002340078353881836
0.0023889541625976562
0.0026628971099853516
0.0023560523986816406
0.0024809837341308594
0.002399921417236328
0.002504110336303711
0.002501964569091797
0.0023958683013916016
0.0023801326751708984
0.002332925796508789
0.002362966537475586
0.002331972122192383
0.002373933792114258
0.0023429393768310547
0.0023539066314697266
0.002315998077392578
0.0024089813232421875
0.0025260448455810547
0.002421140670776367
0.0023529529571533203
0.002460002899169922
0.002329111099243164
0.0023920536041259766
0.0023419857025146484
0.002371072769165039
0.0023360252380371094
0.002454996109008789
0.002382993698120117
0.002377033233642578
0.002270936965942383
0.002368927001953125
0.002329111099243164
0.002391815185546875
0.002328157424926758
0.0023620128631591797
0.0023479461669921875
0.002437114715576172
0.0023539066314697266
0.0026590824127197266
0.0023529529571533203
0.002351045608520508
0.0023338794708251953
0.00238800048828125
0.002443075180053711
0.0023529529571533203
0.0023620128631591797
0.0024290084838867188
0.0023500919342041016
0.0023529529571533203
0.003359079360961914
0.003052949905395508
0.002362966537475586
0.0023679733276367188
0.0023491382598876953
0.0023818016052246094
0.0023360252380371094
0.002599000930786133
0.002351045608520508
0.0024230480194091797
0.0024309158325195312
0.0023818016052246094
0.0023610591888427734
0.002373933792114258
0.0023560523986816406
0.002382993698120117
0.002354145050048828
0.0025730133056640625
0.002309083938598633
0.0023648738861083984
0.0023310184478759766
0.0023899078369140625
0.0023479461669921875
0.0027959346771240234
0.0023720264434814453
0.002340078353881836
0.0024178028106689453
0.0023729801177978516
0.002343893051147461
0.002382993698120117
0.002496004104614258
0.0023920536041259766
0.0023679733276367188
0.0023779869079589844
0.002354145050048828
0.002377033233642578
0.0025510787963867188
0.0036230087280273438
0.002821207046508789
0.0027680397033691406
0.0037047863006591797
0.0025360584259033203
0.002444028854370117
0.0023789405822753906
0.002357006072998047
0.002468109130859375
0.002371072769165039
0.0024149417877197266
0.0023310184478759766
0.0027341842651367188
0.0036089420318603516
0.004142045974731445
0.0030968189239501953
0.0024008750915527344
0.0024352073669433594
0.0023508071899414062
0.0023431777954101562
0.0023970603942871094
0.002362966537475586
0.0023720264434814453
0.0023729801177978516
0.0024008750915527344
0.002357959747314453
0.002460956573486328
0.002360820770263672
0.0023670196533203125
0.0023529529571533203
0.0023691654205322266
0.002348184585571289
0.002382040023803711
0.002334117889404297
0.0023720264434814453
0.0023458003997802734
0.0024001598358154297
0.0023620128631591797
0.0023870468139648438
0.002385854721069336
0.002376079559326172
0.0023419857025146484
0.0023539066314697266
0.002331972122192383
0.0024271011352539062
0.0023679733276367188
0.002357959747314453
0.002429962158203125
0.002351045608520508
0.0023279190063476562
0.002357006072998047
0.0023670196533203125
0.0026268959045410156
0.002596139907836914
0.0023598670959472656
0.002902984619140625
0.003554105758666992
0.0023908615112304688
0.0023779869079589844
0.0023360252380371094
0.002373933792114258
0.0024099349975585938
0.002341032028198242
0.002338886260986328
0.002371072769165039
0.002355813980102539
0.002452850341796875
0.0023338794708251953
0.002382040023803711
0.0023009777069091797
0.0023758411407470703
0.002335071563720703
0.002379894256591797
0.0023241043090820312
0.002380847930908203
0.0023250579833984375
0.0024650096893310547
0.0023300647735595703
0.0023949146270751953
0.002331972122192383
0.002362966537475586
0.0023500919342041016
0.002414226531982422
0.0023200511932373047
0.0023839473724365234
0.002380847930908203
0.0024650096893310547
0.002346038818359375
0.0023870468139648438
0.0023229122161865234
0.0023779869079589844
0.002335786819458008
0.0023860931396484375
0.0023469924926757812
0.002393007278442383
0.002340078353881836
0.0025298595428466797
0.0023720264434814453
0.002701997756958008
0.0023288726806640625
0.0023729801177978516
0.0023040771484375
0.002566814422607422
0.0023059844970703125
0.0023679733276367188
0.0023169517517089844
0.0025510787963867188
0.0023458003997802734
0.002431154251098633
0.002357006072998047
0.0023958683013916016
0.0023419857025146484
0.0023529529571533203
0.002317190170288086
0.002395153045654297
0.002355813980102539
0.002443075180053711
0.0025949478149414062
0.0023818016052246094
0.002354145050048828
0.0024569034576416016
0.002334117889404297
0.0023779869079589844
0.0023360252380371094
0.002412080764770508
0.002318859100341797
0.0024170875549316406
0.0023529529571533203
0.0023889541625976562
0.002335071563720703
0.0028510093688964844
0.002569913864135742
0.0023660659790039062
0.0023360252380371094
0.002386808395385742
0.002334117889404297
0.002438783645629883
0.0023658275604248047
0.0023980140686035156
0.002328157424926758
0.002498149871826172
0.002332925796508789
0.0023801326751708984
0.0023801326751708984
0.0023818016052246094
0.002354145050048828
0.0024428367614746094
0.002328157424926758
0.002416849136352539
0.0023360252380371094
0.002402067184448242
0.0023338794708251953
0.002413034439086914
0.0023300647735595703
0.0023720264434814453
0.0023450851440429688
0.002454996109008789
0.0023348331451416016
0.0023729801177978516
0.002444028854370117
0.0023779869079589844
0.002351045608520508
0.0023589134216308594
0.002357959747314453
0.002424001693725586
0.0023789405822753906
0.0024080276489257812
0.002351045608520508
0.002402067184448242
0.0023529529571533203
0.002385854721069336
0.0023279190063476562
0.0023391246795654297
0.0023810863494873047
0.0023751258850097656
0.0023670196533203125
0.0024640560150146484
0.002363920211791992
0.0023839473724365234
0.002335071563720703
0.0024259090423583984
0.0023429393768310547
0.0024030208587646484
0.0023298263549804688
0.0023779869079589844
0.0023429393768310547
0.002468109130859375
0.0023488998413085938
0.00238800048828125
0.0023560523986816406
0.002362966537475586
0.004314899444580078
0.0030548572540283203
0.0024728775024414062
0.0024042129516601562
0.0024437904357910156
0.002385854721069336
0.002340078353881836
0.0023529529571533203
0.0023539066314697266
0.002465963363647461
0.0023190975189208984
0.0023949146270751953
0.002371072769165039
0.002380847930908203
0.0025429725646972656
0.0024008750915527344
0.0023450851440429688
0.0023610591888427734
0.0023620128631591797
0.0023500919342041016
0.0023279190063476562
0.0023500919342041016
0.002338886260986328
0.0023970603942871094
0.0023980140686035156
0.002379179000854492
0.0024178028106689453
0.0023610591888427734
0.002368927001953125
0.002376079559326172
0.0023560523986816406
0.0023670196533203125
0.002329111099243164
0.002377033233642578
0.002513885498046875
0.0023708343505859375
0.002360105514526367
0.002413034439086914
0.002343893051147461
0.0023691654205322266
0.002344846725463867
0.002357959747314453
0.0023441314697265625
0.0023682117462158203
0.002424001693725586
0.002382993698120117
0.0023698806762695312
0.0023651123046875
0.002354860305786133
0.0023839473724365234
0.0023610591888427734
0.002398967742919922
0.0023200511932373047
0.002382993698120117
0.0024330615997314453
0.0024530887603759766
0.0023229122161865234
0.0023839473724365234
0.0023190975189208984
0.0023789405822753906
0.0023310184478759766
0.002362966537475586
0.002315044403076172
0.002360105514526367
0.002357959747314453
0.002460002899169922
0.0023479461669921875
0.002382993698120117
0.0025179386138916016
0.0026960372924804688
0.002355813980102539
0.0024209022521972656
0.0032279491424560547
0.0023920536041259766
0.002658843994140625
0.002432107925415039
0.002443075180053711
0.0024149417877197266
0.0023598670959472656
0.0038220882415771484
0.0037469863891601562
0.0025250911712646484
0.002328157424926758
0.0025038719177246094
0.002351999282836914
0.0024089813232421875
0.002346038818359375
0.0023660659790039062
0.002351999282836914
0.0023801326751708984
0.002366781234741211
0.002341032028198242
0.0024919509887695312
0.0024509429931640625
0.0024700164794921875
0.0023779869079589844
0.002357959747314453
0.0026979446411132812
0.0023751258850097656
0.0023849010467529297
0.002346038818359375
0.002374887466430664
0.0023589134216308594
0.0034868717193603516
0.003077983856201172
0.002763986587524414
0.002768993377685547
0.0029129981994628906
0.0026581287384033203
0.0024650096893310547
0.0023839473724365234
0.002732992172241211
0.002355813980102539
0.0023839473724365234
0.0023310184478759766
0.0023779869079589844
0.0024709701538085938
0.0023610591888427734
0.002483844757080078
0.0025250911712646484
0.0023920536041259766
0.0024781227111816406
0.002357959747314453
0.0024569034576416016
0.0023229122161865234
0.002382993698120117
0.002310037612915039
0.002361774444580078
0.0023360252380371094
0.0023949146270751953
0.0023441314697265625
0.002432107925415039
0.002357006072998047
0.002382040023803711
0.0023500919342041016
0.002435922622680664
0.002346038818359375
0.002401113510131836
0.0023310184478759766
0.002343893051147461
0.0023260116577148438
0.002454996109008789
0.002351045608520508
0.002360820770263672
0.0023131370544433594
0.0023550987243652344
0.0023539066314697266
0.002368927001953125
0.0023200511932373047
0.0024919509887695312
0.002354145050048828
0.002452850341796875
0.0026128292083740234
0.0023610591888427734
0.0023148059844970703
0.002335071563720703
0.002351999282836914
0.0023369789123535156
0.002315998077392578
0.0024580955505371094
0.0023279190063476562
0.002434968948364258
0.0023610591888427734
0.0027930736541748047
0.004698038101196289
0.00279998779296875
0.00269317626953125
0.0024068355560302734
0.0023970603942871094
0.002360820770263672
0.0024139881134033203
0.002398967742919922
0.0023870468139648438
0.002360105514526367
0.0025408267974853516
0.002415895462036133
0.002405881881713867
0.002402067184448242
0.0023949146270751953
0.0023620128631591797
0.002610921859741211
0.002386808395385742
0.0023479461669921875
0.002360105514526367
0.0023369789123535156
0.0023691654205322266
0.0023431777954101562
0.0023698806762695312
0.002349853515625
0.0023679733276367188
0.0024089813232421875
0.0024039745330810547
0.0023729801177978516
0.0023741722106933594
0.0023429393768310547
0.002377033233642578
0.002354860305786133
0.002454996109008789
0.0024590492248535156
0.002537965774536133
0.0025091171264648438
0.002362966537475586
0.0023279190063476562
0.0026111602783203125
0.002997875213623047
0.0023849010467529297
0.0024449825286865234
0.002355813980102539
0.002321004867553711
0.0023450851440429688
0.0024030208587646484
0.002401113510131836
0.0023429393768310547
0.002385854721069336
0.002357959747314453
0.0023369789123535156
0.0023360252380371094
0.002379894256591797
0.0023539066314697266
0.002396106719970703
0.0025739669799804688
0.002357959747314453
0.0023491382598876953
0.002335071563720703
0.002335071563720703
0.0023479461669921875
0.0024139881134033203
0.002393960952758789
0.0023679733276367188
0.0023429393768310547
0.0024230480194091797
0.002537965774536133
0.0036950111389160156
0.002541065216064453
0.0024030208587646484
0.0023660659790039062
0.0023610591888427734
0.0023910999298095703
0.002363920211791992
0.0024869441986083984
0.002343893051147461
0.0023479461669921875
0.0023109912872314453
0.002593994140625
0.002351999282836914
0.002357006072998047
0.0023488998413085938
0.0023789405822753906
0.002323150634765625
0.0024611949920654297
0.0023369789123535156
0.0024030208587646484
0.002346038818359375
0.0024061203002929688
0.0023539066314697266
0.0023910999298095703
0.0023529529571533203
0.0024640560150146484
0.002376079559326172
0.002463102340698242
