0.0029211044311523438
0.002841949462890625
0.002825021743774414
0.002897977828979492
0.002846956253051758
0.0027899742126464844
0.0028200149536132812
0.0027899742126464844
0.002911090850830078
0.004513978958129883
0.002972841262817383
0.004224061965942383
0.002847909927368164
0.0028460025787353516
0.002801179885864258
0.0028841495513916016
0.002874135971069336
0.0028569698333740234
0.0044820308685302734
0.005979061126708984
0.006078958511352539
0.005820035934448242
0.0033750534057617188
0.0029249191284179688
0.002894163131713867
0.0028498172760009766
0.002835988998413086
0.0028030872344970703
0.0029349327087402344
0.002965211868286133
0.002836942672729492
0.0028319358825683594
0.002827167510986328
0.0027968883514404297
0.0028069019317626953
0.0028409957885742188
0.002872943878173828
0.0028541088104248047
0.002830982208251953
0.0028030872344970703
0.002792835235595703
0.0028400421142578125
0.0028879642486572266
0.0028409957885742188
0.0029420852661132812
0.002856016159057617
0.002789020538330078
0.0028460025787353516
0.0028269290924072266
0.002804994583129883
0.0028150081634521484
0.0029010772705078125
0.0028569698333740234
0.0032210350036621094
0.0027921199798583984
0.002775907516479492
0.0027959346771240234
0.002802133560180664
0.0027837753295898438
0.0028290748596191406
0.0027899742126464844
0.0028879642486572266
0.0028450489044189453
0.002830028533935547
0.0028460025787353516
0.0028259754180908203
0.0028200149536132812
0.002857208251953125
0.002825021743774414
0.0028231143951416016
0.002907991409301758
0.003551959991455078
0.0028150081634521484
0.0028269290924072266
0.0028450489044189453
0.0028238296508789062
0.002816915512084961
0.002819061279296875
0.003963947296142578
0.0034139156341552734
0.002835988998413086
0.002852916717529297
0.0028219223022460938
0.0027990341186523438
0.002805948257446289
0.0028188228607177734
0.0029261112213134766
0.002953052520751953
0.002871990203857422
0.0031058788299560547
0.0031659603118896484
0.0028238296508789062
0.0027971267700195312
0.0028100013732910156
0.002878904342651367
0.0028450489044189453
0.002841949462890625
0.0027921199798583984
0.002802133560180664
0.0027718544006347656
0.0028600692749023438
0.002792835235595703
0.0028421878814697266
0.002827882766723633
0.002856016159057617
0.002819061279296875
0.0028688907623291016
0.0029039382934570312
0.0028390884399414062
0.002805948257446289
0.0027899742126464844
0.002919912338256836
0.0028090476989746094
0.0027930736541748047
0.0028328895568847656
0.002782106399536133
0.002797842025756836
0.002892017364501953
0.002804994583129883
0.002871990203857422
0.002825021743774414
0.0028328895568847656
0.0029790401458740234
0.0028090476989746094
0.0027980804443359375
0.002808094024658203
0.0028138160705566406
0.0028009414672851562
0.002897024154663086
0.0028040409088134766
0.0027968883514404297
0.0028069019317626953
0.002816915512084961
0.0027849674224853516
0.00279998779296875
0.002850055694580078
0.002872943878173828
0.0038940906524658203
0.0028820037841796875
0.0028548240661621094
0.002841949462890625
0.002830982208251953
0.002826213836669922
0.002819061279296875
0.0029289722442626953
0.0028259754180908203
0.0032470226287841797
0.0034170150756835938
0.004629850387573242
0.005185842514038086
0.004621982574462891
0.0028460025787353516
0.002816915512084961
0.002844095230102539
0.002888917922973633
0.002886056900024414
0.0032269954681396484
0.0030608177185058594
0.003203868865966797
0.0038568973541259766
0.0033249855041503906
0.0037078857421875
0.003358125686645508
0.0033550262451171875
0.0028400421142578125
0.0029320716857910156
0.004211902618408203
0.0028557777404785156
0.003020048141479492
0.0043561458587646484
0.004907846450805664
0.0028238296508789062
0.004491090774536133
0.0029020309448242188
0.004338979721069336
0.0028090476989746094
0.0031239986419677734
0.0029289722442626953
0.0028100013732910156
0.0028989315032958984
0.0028400421142578125
0.0029320716857910156
0.0028259754180908203
0.0027761459350585938
0.0028488636016845703
0.002782106399536133
0.002972841262817383
0.002847909927368164
0.003571033477783203
0.002836942672729492
0.0028181076049804688
0.002836942672729492
0.002913951873779297
0.0028400421142578125
0.0028150081634521484
0.003659963607788086
0.003927946090698242
0.0032949447631835938
0.0031120777130126953
0.0028710365295410156
0.0028061866760253906
0.002830982208251953
0.0028078556060791016
0.0029129981994628906
0.002850055694580078
0.0028200149536132812
0.002825021743774414
0.0027959346771240234
0.0028820037841796875
0.00279998779296875
0.0028200149536132812
0.002833843231201172
0.0029211044311523438
0.002791881561279297
0.0028040409088134766
0.0029599666595458984
0.002852201461791992
0.0028197765350341797
0.002814054489135742
0.002897977828979492
0.0030100345611572266
0.0028760433197021484
0.002935171127319336
0.0028319358825683594
0.0027768611907958984
0.002783060073852539
0.0028579235076904297
0.00279998779296875
0.0027959346771240234
0.002886056900024414
0.0027930736541748047
0.0028078556060791016
0.0028460025787353516
0.0027921199798583984
0.0027790069580078125
0.00279998779296875
0.0028450489044189453
0.002907991409301758
0.002830982208251953
0.002771139144897461
0.0028460025787353516
0.0028269290924072266
0.0028200149536132812
0.0028269290924072266
0.0028290748596191406
0.0034759044647216797
0.002886056900024414
0.0028450489044189453
0.0028781890869140625
0.002907991409301758
0.002846956253051758
0.0027930736541748047
0.002894878387451172
0.002955198287963867
0.002955913543701172
0.0028319358825683594
0.002788066864013672
0.002908945083618164
0.002791881561279297
0.0028450489044189453
0.002803802490234375
0.0027990341186523438
0.0028710365295410156
0.0028390884399414062
0.0028159618377685547
0.003509998321533203
0.004210948944091797
0.0028378963470458984
0.0027780532836914062
0.002856016159057617
0.0029380321502685547
0.002805948257446289
0.002797842025756836
0.0028409957885742188
0.0027608871459960938
0.002808094024658203
0.0027828216552734375
0.0028090476989746094
0.002878904342651367
0.0028510093688964844
0.0027818679809570312
0.002816915512084961
0.0031740665435791016
0.0028841495513916016
0.0027921199798583984
0.0030210018157958984
0.0028409957885742188
0.0029001235961914062
0.0027899742126464844
0.0028319358825683594
0.0028769969940185547
0.0028319358825683594
0.0028162002563476562
0.0029528141021728516
0.0027620792388916016
0.0028629302978515625
0.0027790069580078125
0.0028259754180908203
0.0027921199798583984
0.002792835235595703
0.0027430057525634766
0.0028231143951416016
0.0027959346771240234
0.0028078556060791016
0.0028769969940185547
0.002808094024658203
0.002797842025756836
0.0028340816497802734
0.00304412841796875
0.0028481483459472656
0.002811908721923828
0.0028181076049804688
0.0029249191284179688
0.0030519962310791016
0.002794027328491211
0.002847909927368164
0.0027899742126464844
0.002803802490234375
0.0027761459350585938
0.0029158592224121094
0.002910137176513672
0.0028400421142578125
0.0028078556060791016
0.002928018569946289
0.002789020538330078
0.002819061279296875
0.0027790069580078125
0.002827167510986328
0.0027968883514404297
0.0029900074005126953
0.002768993377685547
0.002827167510986328
0.00304412841796875
0.0028181076049804688
0.002791166305541992
0.0028069019317626953
0.002949953079223633
0.0028960704803466797
0.0027849674224853516
0.002844095230102539
0.0027778148651123047
0.0028269290924072266
0.0027511119842529297
0.002816915512084961
0.00391697883605957
0.004580974578857422
0.002844095230102539
0.0029239654541015625
0.002783060073852539
0.0028629302978515625
0.0028200149536132812
0.002843141555786133
0.0027790069580078125
0.002878904342651367
0.0029380321502685547
0.005569934844970703
0.003448963165283203
0.004475116729736328
0.0030379295349121094
0.0028429031372070312
0.002908945083618164
0.002856016159057617
0.003049135208129883
0.002866029739379883
0.002825021743774414
0.002826213836669922
0.002807140350341797
0.002794981002807617
0.002930879592895508
0.002852916717529297
0.0027768611907958984
0.002789020538330078
0.0027971267700195312
0.002785205841064453
0.0028090476989746094
0.0028100013732910156
0.0028460025787353516
0.0028221607208251953
0.0028100013732910156
0.0028781890869140625
0.003120899200439453
0.002872943878173828
0.002801179885864258
0.0027840137481689453
0.002819061279296875
0.002907991409301758
0.002753019332885742
0.0028650760650634766
0.002805948257446289
0.002836942672729492
0.002810955047607422
0.0028200149536132812
0.0028798580169677734
0.0028929710388183594
0.002783060073852539
0.0028069019317626953
0.002813100814819336
0.002931833267211914
0.0027837753295898438
0.0028340816497802734
0.0028219223022460938
0.002835988998413086
0.0028531551361083984
0.0028228759765625
0.0028960704803466797
0.0028390884399414062
0.0028138160705566406
0.0028409957885742188
0.0030291080474853516
0.0028378963470458984
0.0028181076049804688
0.0028200149536132812
0.002775907516479492
0.002833127975463867
0.0027799606323242188
0.002827167510986328
0.002802133560180664
0.0028200149536132812
0.002955913543701172
0.002847909927368164
0.0027980804443359375
0.0028100013732910156
0.002785921096801758
0.002808809280395508
0.002794027328491211
0.0028650760650634766
0.002794981002807617
0.0029158592224121094
0.002808809280395508
0.002819061279296875
0.002789020538330078
0.0029449462890625
0.0027790069580078125
0.0028100013732910156
0.002766132354736328
0.0028870105743408203
0.002807140350341797
0.002811908721923828
0.0029439926147460938
0.002869129180908203
0.0028150081634521484
0.0028061866760253906
0.002790212631225586
0.002814054489135742
0.003965854644775391
0.0036301612854003906
0.003297090530395508
0.00442814826965332
0.003274202346801758
0.0033369064331054688
0.0029010772705078125
0.0029249191284179688
0.002813100814819336
0.0027549266815185547
0.002811908721923828
0.0029261112213134766
0.0028040409088134766
0.0028219223022460938
0.002797842025756836
0.0028531551361083984
0.0027680397033691406
0.0028619766235351562
0.0028209686279296875
0.0027971267700195312
0.0027899742126464844
0.0028722286224365234
0.0027871131896972656
0.002914905548095703
0.0029129981994628906
0.0028090476989746094
0.0028121471405029297
0.002797842025756836
0.0027899742126464844
0.002782106399536133
0.0028858184814453125
0.002847909927368164
0.002872943878173828
0.0028450489044189453
0.0027899742126464844
0.002905130386352539
0.0027899742126464844
0.0027959346771240234
0.002789020538330078
0.0027980804443359375
0.0030450820922851562
0.004230976104736328
0.0032961368560791016
0.003298044204711914
0.0028839111328125
0.0030939579010009766
0.004431962966918945
0.00302886962890625
0.0027878284454345703
0.002827167510986328
0.0028200149536132812
0.0028870105743408203
0.0027658939361572266
0.002835988998413086
0.002786874771118164
0.0028159618377685547
0.0028510093688964844
0.002847909927368164
0.0030689239501953125
0.0028409957885742188
0.0028018951416015625
0.0028040409088134766
0.0028619766235351562
0.0028281211853027344
0.002920866012573242
0.002850055694580078
0.0027611255645751953
0.002798795700073242
0.002768993377685547
0.002835988998413086
0.0044901371002197266
0.003538846969604492
0.003348112106323242
0.002871990203857422
0.002797842025756836
0.0028319358825683594
0.004359006881713867
0.0028519630432128906
0.004127025604248047
0.006057024002075195
0.003757953643798828
0.005975008010864258
0.005846977233886719
0.005235910415649414
0.002785205841064453
0.004005908966064453
0.004461050033569336
0.0037550926208496094
0.002856016159057617
0.0029599666595458984
0.004784107208251953
0.0029032230377197266
0.002814769744873047
0.0028221607208251953
0.002786874771118164
0.003142118453979492
0.0027990341186523438
0.002866029739379883
0.0032379627227783203
0.0028040409088134766
0.002802133560180664
0.0033190250396728516
0.0037300586700439453
0.0028259754180908203
0.003110170364379883
0.0029990673065185547
0.003381013870239258
0.0029439926147460938
0.003100872039794922
0.005838155746459961
0.0033190250396728516
0.0028939247131347656
0.0028891563415527344
0.0029158592224121094
0.002782106399536133
0.002886056900024414
0.002810955047607422
0.0028238296508789062
0.002830982208251953
0.0029239654541015625
0.002810955047607422
0.002931833267211914
0.002819061279296875
0.0028820037841796875
0.0028340816497802734
0.0027971267700195312
0.0027549266815185547
0.0028429031372070312
0.00279998779296875
0.002886056900024414
0.002835988998413086
0.00279998779296875
0.002802133560180664
0.002808094024658203
0.0032858848571777344
0.0028607845306396484
0.0028340816497802734
0.002908945083618164
0.004021883010864258
0.004834890365600586
0.0030410289764404297
0.002819061279296875
0.0027849674224853516
0.0028281211853027344
0.0027990341186523438
0.0029129981994628906
0.002830982208251953
0.002772092819213867
0.0028247833251953125
0.002804994583129883
0.0027980804443359375
0.002810955047607422
0.002755880355834961
0.0028619766235351562
0.0028960704803466797
0.002835988998413086
0.0028040409088134766
0.002817869186401367
0.0028281211853027344
0.0028159618377685547
0.0028150081634521484
0.0028400421142578125
0.0028791427612304688
0.002794981002807617
0.0027840137481689453
0.0031850337982177734
0.002783060073852539
0.002825021743774414
0.0028018951416015625
0.0028200149536132812
0.002892017364501953
0.0029001235961914062
0.002830028533935547
0.0028510093688964844
0.002785921096801758
0.002785921096801758
0.0027799606323242188
0.0027959346771240234
0.0028710365295410156
0.0028150081634521484
0.0035698413848876953
0.0028121471405029297
0.002786874771118164
0.0027968883514404297
0.002819061279296875
0.002816915512084961
0.0028040409088134766
0.0029189586639404297
0.0028209686279296875
0.0028541088104248047
0.0028738975524902344
0.002849102020263672
0.002811908721923828
0.002824068069458008
0.0029439926147460938
0.0029370784759521484
0.002774953842163086
0.002817869186401367
0.0027740001678466797
0.002814054489135742
0.0027930736541748047
0.002786874771118164
0.0027849674224853516
0.002811908721923828
0.0028200149536132812
0.0028340816497802734
0.002782106399536133
0.0028138160705566406
0.0028090476989746094
0.002786874771118164
0.0028100013732910156
0.002830028533935547
0.002855062484741211
0.0028619766235351562
0.0028018951416015625
0.002807140350341797
0.0028159618377685547
0.0028128623962402344
0.002917051315307617
0.0028340816497802734
0.0028319358825683594
0.0029048919677734375
0.002791881561279297
0.0032269954681396484
0.0028429031372070312
0.0028100013732910156
0.002866029739379883
0.0027849674224853516
0.002825021743774414
0.0029010772705078125
0.0027818679809570312
0.0028090476989746094
0.002777099609375
0.004014015197753906
0.0033049583435058594
0.0028181076049804688
0.002789020538330078
0.0029091835021972656
0.002872943878173828
0.002869129180908203
0.0034890174865722656
0.002841949462890625
0.002785921096801758
0.00286102294921875
0.0027680397033691406
0.002889871597290039
0.0028121471405029297
0.002830028533935547
0.0028228759765625
0.0028150081634521484
0.002930879592895508
0.002789020538330078
0.0028150081634521484
0.0030951499938964844
0.0029609203338623047
0.0028290748596191406
0.0027778148651123047
0.0028159618377685547
0.0027790069580078125
0.002824068069458008
0.0027740001678466797
0.002958059310913086
0.0029070377349853516
0.0028090476989746094
0.002825021743774414
0.0028040409088134766
0.0027980804443359375
0.0028030872344970703
0.0027930736541748047
0.0028200149536132812
0.0028600692749023438
0.0027980804443359375
0.0027840137481689453
0.002843141555786133
0.0029098987579345703
0.0028600692749023438
0.0028390884399414062
0.002827167510986328
0.0027968883514404297
0.00292205810546875
0.0029098987579345703
0.0028269290924072266
0.002768993377685547
0.0028069019317626953
0.002769947052001953
0.002805948257446289
0.004914045333862305
0.002866029739379883
0.0028040409088134766
0.0028269290924072266
0.0028209686279296875
0.0028150081634521484
0.002794981002807617
0.0028350353240966797
0.002894878387451172
0.002871990203857422
0.002937793731689453
0.0028901100158691406
0.0031290054321289062
0.0033609867095947266
0.002830982208251953
0.0028209686279296875
0.0027899742126464844
0.002936124801635742
0.0027930736541748047
0.0028269290924072266
0.0027730464935302734
0.0028150081634521484
0.002821207046508789
0.00310516357421875
0.0028069019317626953
0.002888202667236328
0.0027930736541748047
0.002830982208251953
0.0027968883514404297
0.002847909927368164
0.0027840137481689453
0.0029320716857910156
0.002810955047607422
0.00286102294921875
0.0029129981994628906
0.002816915512084961
0.002789020538330078
0.0028162002563476562
0.002811908721923828
0.0028238296508789062
0.0027899742126464844
0.0028200149536132812
0.00286102294921875
0.0028378963470458984
0.002744913101196289
0.005124092102050781
0.0032889842987060547
0.0032172203063964844
0.0028989315032958984
0.0028009414672851562
0.0028519630432128906
0.0028090476989746094
0.0027730464935302734
0.0028219223022460938
0.002794981002807617
0.002774953842163086
0.002814054489135742
0.0028438568115234375
0.002933979034423828
0.0028209686279296875
0.0027320384979248047
0.0027751922607421875
0.002850055694580078
0.0027971267700195312
0.0027959346771240234
0.0027968883514404297
0.002766132354736328
0.002888917922973633
0.0028340816497802734
0.0031900405883789062
0.0028390884399414062
0.002819061279296875
0.0027799606323242188
0.0027768611907958984
0.0027971267700195312
0.002875089645385742
0.002782106399536133
0.0027980804443359375
0.002783060073852539
0.0028378963470458984
0.0027799606323242188
0.002949953079223633
0.002830028533935547
0.002802133560180664
0.0028858184814453125
0.0028350353240966797
0.002744913101196289
0.0027828216552734375
0.0027670860290527344
0.0028018951416015625
0.003000020980834961
0.0028121471405029297
0.002855062484741211
0.0028388500213623047
0.0029060840606689453
0.0028290748596191406
0.0027990341186523438
0.0028629302978515625
0.003473043441772461
0.005201816558837891
0.003946065902709961
0.002841949462890625
0.002864837646484375
0.002810955047607422
0.0028989315032958984
0.002791881561279297
0.0027930736541748047
0.0040740966796875
0.0027799606323242188
0.002988100051879883
0.0027840137481689453
0.0028798580169677734
0.0028429031372070312
0.0028581619262695312
0.002835988998413086
0.003000974655151367
0.0028519630432128906
0.002791881561279297
0.003732919692993164
0.0037279129028320312
0.0028421878814697266
0.0028378963470458984
0.0033130645751953125
0.0030031204223632812
0.004186868667602539
0.0028548240661621094
0.0032269954681396484
0.002886056900024414
0.0028820037841796875
0.002828836441040039
0.0027740001678466797
0.003119230270385742
0.0029799938201904297
0.0028710365295410156
0.0030679702758789062
0.0028641223907470703
0.002846956253051758
0.0029740333557128906
0.0029990673065185547
0.0035049915313720703
0.0028619766235351562
0.002961874008178711
0.0027971267700195312
0.0032210350036621094
0.002897977828979492
0.0030059814453125
0.002911806106567383
0.0030388832092285156
0.003002166748046875
0.0029609203338623047
0.0028839111328125
0.0028450489044189453
0.0028200149536132812
0.0028219223022460938
0.0027871131896972656
0.0028731822967529297
0.002811908721923828
0.002855062484741211
0.0028281211853027344
0.002846956253051758
0.0029649734497070312
0.0028259754180908203
0.0028150081634521484
0.002998828887939453
0.002871990203857422
0.002830982208251953
0.0028040409088134766
0.0028409957885742188
0.002802133560180664
0.0028150081634521484
0.0027818679809570312
0.002816915512084961
0.0029859542846679688
0.0028340816497802734
0.002808094024658203
0.0028340816497802734
0.0027968883514404297
0.002814054489135742
0.002785205841064453
0.002808094024658203
0.002866029739379883
0.0027990341186523438
0.0028409957885742188
0.002856016159057617
0.0028150081634521484
0.002946138381958008
0.0027980804443359375
0.002841949462890625
0.002789020538330078
0.002935171127319336
0.002810955047607422
0.0028541088104248047
0.0027799606323242188
0.0028188228607177734
0.002969026565551758
0.004271030426025391
0.002832174301147461
0.002792835235595703
0.0027849674224853516
0.002805948257446289
0.0027980804443359375
0.002856016159057617
0.0028738975524902344
0.002917051315307617
0.002801179885864258
0.002878904342651367
0.0028350353240966797
0.0028340816497802734
0.002805948257446289
0.002869129180908203
0.0027871131896972656
0.002828836441040039
0.0027790069580078125
0.0028619766235351562
0.0028760433197021484
0.0028061866760253906
0.002855062484741211
0.0028269290924072266
0.002794981002807617
0.0027990341186523438
0.0030088424682617188
0.0028388500213623047
0.0028390884399414062
0.0027980804443359375
0.0028171539306640625
0.0027930736541748047
0.0027909278869628906
0.0028738975524902344
0.0028200149536132812
0.0028531551361083984
0.0029718875885009766
0.0028219223022460938
0.002791881561279297
0.002805948257446289
0.002768993377685547
0.0028150081634521484
0.0027899742126464844
0.0028209686279296875
0.002752065658569336
0.0028820037841796875
0.002832174301147461
0.0029039382934570312
0.003671884536743164
0.0028471946716308594
0.0029120445251464844
0.002836942672729492
0.002783060073852539
0.002825021743774414
0.0028619766235351562
0.0028510093688964844
0.002730846405029297
0.002811908721923828
0.002814054489135742
0.0028228759765625
0.0028951168060302734
0.0029668807983398438
0.0029799938201904297
0.002814054489135742
0.002783060073852539
0.0028488636016845703
0.0028100013732910156
0.0028378963470458984
0.002774953842163086
0.002816915512084961
0.003016948699951172
0.002953052520751953
0.0028879642486572266
0.0031540393829345703
0.004144906997680664
0.0034940242767333984
