0.011101007461547852
0.05014801025390625
0.02053999900817871
0.026372909545898438
0.008201837539672852
0.024441003799438477
0.007445096969604492
0.01377105712890625
0.00707697868347168
0.014725923538208008
0.012098073959350586
0.010228872299194336
0.006249904632568359
0.008764028549194336
0.003880023956298828
0.01669597625732422
0.008080005645751953
0.0040340423583984375
0.01293802261352539
0.005866050720214844
0.0045261383056640625
0.011732101440429688
0.009881973266601562
0.0360720157623291
0.015440940856933594
0.007481098175048828
0.008555889129638672
0.01653313636779785
0.01491689682006836
0.010387897491455078
0.008774042129516602
0.010921955108642578
0.018020153045654297
0.02010798454284668
0.00919198989868164
0.0017170906066894531
0.012232065200805664
0.006840944290161133
0.009133100509643555
0.00549006462097168
0.01998591423034668
0.022588014602661133
0.012966156005859375
0.0032188892364501953
0.00504302978515625
0.006406068801879883
0.005377054214477539
0.007896900177001953
0.017443180084228516
0.027518033981323242
0.02552509307861328
0.011978864669799805
0.008563995361328125
0.006906032562255859
0.008838891983032227
0.014929771423339844
0.04826998710632324
0.029826879501342773
0.025496959686279297
0.056817054748535156
0.004240989685058594
0.01059103012084961
0.014487981796264648
0.009602785110473633
0.0026268959045410156
0.01062917709350586
0.006886959075927734
0.0073511600494384766
0.04734992980957031
0.005338907241821289
0.002613067626953125
0.004755973815917969
0.0067729949951171875
0.0056459903717041016
0.012897968292236328
0.010766029357910156
0.003281116485595703
0.025471925735473633
0.012034893035888672
0.013222932815551758
0.006973981857299805
0.009485006332397461
0.008178949356079102
0.006463050842285156
0.00642704963684082
0.00836801528930664
0.029273033142089844
0.006281137466430664
0.005207061767578125
0.00820302963256836
0.01260995864868164
0.01007699966430664
0.0042858123779296875
0.019373178482055664
0.007381916046142578
0.01753091812133789
0.008836984634399414
0.005999088287353516
0.02966904640197754
0.006161928176879883
0.017394065856933594
0.014963150024414062
0.010618925094604492
0.029117107391357422
0.004339933395385742
0.01775813102722168
0.026073217391967773
0.01657700538635254
0.03741097450256348
0.008322954177856445
0.010905981063842773
0.019269943237304688
0.0586400032043457
0.01491403579711914
0.004864931106567383
0.016648054122924805
0.011425018310546875
0.010548830032348633
0.03050994873046875
0.00946807861328125
0.006022930145263672
0.007604122161865234
0.0324249267578125
0.014788150787353516
0.011375904083251953
0.01669597625732422
0.013520956039428711
0.02111983299255371
0.014343023300170898
0.030476093292236328
0.03204202651977539
0.004467010498046875
0.012298107147216797
0.004066944122314453
0.021564006805419922
0.004848003387451172
0.0040929317474365234
0.0027539730072021484
0.006103038787841797
0.0031020641326904297
0.021318912506103516
0.0335841178894043
0.007074117660522461
0.021416902542114258
0.0042951107025146484
0.01193690299987793
0.0049669742584228516
0.02075791358947754
0.002650022506713867
0.004648923873901367
0.011738061904907227
0.0030210018157958984
0.006579875946044922
0.0379641056060791
0.005019187927246094
0.004701852798461914
0.0033338069915771484
0.006741046905517578
0.027140140533447266
0.0065000057220458984
0.00884103775024414
0.010653018951416016
0.010392904281616211
0.007205963134765625
0.007891178131103516
0.05927896499633789
0.0170438289642334
0.009243011474609375
0.01055598258972168
0.012479066848754883
0.010116100311279297
0.004585981369018555
0.015218973159790039
0.009725093841552734
0.03412604331970215
0.0017800331115722656
0.025166034698486328
0.018212080001831055
0.024142026901245117
0.03733706474304199
0.022001981735229492
0.00589299201965332
0.005857944488525391
0.010035037994384766
0.0048809051513671875
0.021345138549804688
0.005491971969604492
0.005033969879150391
0.006978034973144531
0.007008075714111328
0.017050981521606445
0.012475967407226562
0.012047052383422852
0.025990962982177734
0.003248929977416992
0.012851953506469727
0.014693021774291992
0.03667402267456055
0.013108015060424805
0.00857400894165039
0.01259303092956543
0.022984981536865234
0.002763986587524414
0.013223886489868164
0.005048990249633789
0.01247406005859375
0.017091989517211914
0.013302087783813477
0.0134429931640625
0.032753944396972656
0.007458925247192383
0.030076026916503906
0.004528045654296875
0.01465606689453125
0.01459503173828125
0.005574941635131836
0.013169050216674805
0.015513896942138672
0.008580207824707031
0.00448298454284668
0.0015990734100341797
0.009601831436157227
0.018849849700927734
0.02296900749206543
0.011506080627441406
0.0048542022705078125
0.009353876113891602
0.014896154403686523
0.013287067413330078
0.0029048919677734375
0.004186153411865234
0.008472919464111328
0.0022881031036376953
0.009068965911865234
0.008247852325439453
0.007866144180297852
0.005919933319091797
0.006735086441040039
0.015397071838378906
0.021663904190063477
0.007066011428833008
0.007022857666015625
0.004987955093383789
0.019028186798095703
0.009460926055908203
0.05431818962097168
0.006680011749267578
0.010534048080444336
0.006442070007324219
0.00805807113647461
0.003407001495361328
0.03971099853515625
0.004940032958984375
0.025996923446655273
0.005753993988037109
0.006800174713134766
0.010789871215820312
0.004787921905517578
0.0050051212310791016
0.011940956115722656
0.0071451663970947266
0.02685689926147461
0.003554821014404297
0.007167816162109375
0.0055620670318603516
0.009680986404418945
0.010516166687011719
0.0018720626831054688
0.00536799430847168
0.03278183937072754
0.005285024642944336
0.020991802215576172
0.00884389877319336
0.008673906326293945
0.011126995086669922
0.010734081268310547
0.010016918182373047
0.018358230590820312
0.02176380157470703
0.009737968444824219
0.0076711177825927734
0.0077860355377197266
0.0028281211853027344
0.006692171096801758
0.011385917663574219
0.010028839111328125
0.008502006530761719
0.003345966339111328
0.007018089294433594
0.0033271312713623047
0.014852046966552734
0.004323005676269531
0.011863946914672852
0.02145099639892578
0.01538991928100586
0.011092185974121094
0.013527870178222656
0.005318880081176758
0.0343019962310791
0.004272937774658203
0.012011051177978516
0.008233070373535156
0.011641979217529297
0.03507089614868164
0.005073070526123047
0.015743017196655273
0.008540868759155273
0.005628108978271484
0.017544984817504883
0.02131199836730957
0.021329879760742188
0.028788089752197266
0.00646209716796875
0.010072946548461914
0.016606807708740234
0.0017750263214111328
0.012360811233520508
0.007729053497314453
0.005166053771972656
0.004555940628051758
0.012066841125488281
0.039064884185791016
0.0033240318298339844
0.0054438114166259766
0.033989906311035156
0.01835179328918457
0.005919933319091797
0.05752706527709961
0.009377002716064453
0.002093076705932617
0.030267953872680664
0.02059316635131836
0.024775028228759766
0.017076969146728516
0.00854802131652832
0.007730960845947266
0.007529020309448242
0.00863194465637207
0.004890918731689453
0.010612010955810547
0.02412104606628418
0.022349834442138672
0.004756927490234375
0.019063949584960938
0.008456945419311523
0.0037899017333984375
0.0046520233154296875
0.025454998016357422
0.013369083404541016
0.006182193756103516
0.02590203285217285
0.02193307876586914
0.0044291019439697266
0.012840032577514648
0.006098031997680664
0.008684158325195312
0.01938486099243164
0.0191190242767334
0.018829822540283203
0.019604921340942383
0.003529071807861328
0.00960397720336914
0.028616905212402344
0.0069980621337890625
0.017841100692749023
0.012305021286010742
0.009338140487670898
0.011539936065673828
0.01493978500366211
0.01500701904296875
0.02792215347290039
0.013260841369628906
0.018507003784179688
0.014615058898925781
0.022378921508789062
0.010092020034790039
0.02965092658996582
0.002416849136352539
0.0072460174560546875
0.013686895370483398
0.0038399696350097656
0.005800008773803711
0.0071468353271484375
0.009130001068115234
0.023990869522094727
0.0058650970458984375
0.002933979034423828
0.0240631103515625
0.007903099060058594
0.009304046630859375
0.005591869354248047
0.01357889175415039
0.011012077331542969
0.01912379264831543
0.03119802474975586
0.00875401496887207
0.010663032531738281
0.004926919937133789
0.004703998565673828
0.015786170959472656
0.019088029861450195
0.018200159072875977
0.009756088256835938
0.007141828536987305
0.02231001853942871
0.013726949691772461
0.01637101173400879
0.018616914749145508
0.0074939727783203125
0.005917072296142578
0.007107973098754883
0.014309167861938477
0.005501985549926758
0.024384021759033203
0.0039310455322265625
0.008285999298095703
0.011703968048095703
0.011198043823242188
0.012539148330688477
0.020541906356811523
0.007359981536865234
0.010426998138427734
0.015004873275756836
0.0073468685150146484
0.018095016479492188
0.01607799530029297
0.007766008377075195
0.004781007766723633
0.006273984909057617
0.006356954574584961
0.0041310787200927734
0.0062291622161865234
0.02691197395324707
0.005017995834350586
0.020600080490112305
0.017274856567382812
0.026942014694213867
0.023794889450073242
0.004011869430541992
0.00551605224609375
0.008413076400756836
0.005463123321533203
0.011373043060302734
0.009055137634277344
0.004420042037963867
0.03161501884460449
0.013889074325561523
0.028230905532836914
0.010630130767822266
0.0030379295349121094
0.021754026412963867
0.0345759391784668
0.019886016845703125
0.014528989791870117
0.007553815841674805
0.003442049026489258
0.027580976486206055
0.01306605339050293
0.003823995590209961
0.015358924865722656
0.003840208053588867
0.018446922302246094
0.0046460628509521484
0.00954890251159668
0.005763053894042969
0.01399993896484375
0.010905981063842773
0.00974416732788086
0.016469955444335938
0.026997089385986328
0.053520917892456055
0.009436845779418945
0.011184930801391602
0.01631903648376465
0.026017189025878906
0.010627985000610352
0.012067079544067383
0.013224124908447266
0.04091501235961914
0.006791114807128906
0.013875961303710938
0.015453100204467773
0.0023081302642822266
0.031063079833984375
0.015406131744384766
0.011921167373657227
0.012481927871704102
0.011915922164916992
0.023328065872192383
0.008235931396484375
0.024474143981933594
0.0065460205078125
0.010843992233276367
0.017208099365234375
0.014487981796264648
0.013998985290527344
0.01910996437072754
0.008716106414794922
0.004241943359375
0.0030829906463623047
0.009970903396606445
0.016680002212524414
0.005799055099487305
0.021645069122314453
0.022316932678222656
0.006324052810668945
0.01558995246887207
0.007924079895019531
0.0066149234771728516
0.004923105239868164
0.02007579803466797
0.02071094512939453
0.008308172225952148
0.008795022964477539
0.0176999568939209
0.006785154342651367
0.009016990661621094
0.007687091827392578
0.01306605339050293
0.013191938400268555
0.01450204849243164
0.007586002349853516
0.00922393798828125
0.01767897605895996
0.01234579086303711
0.003606081008911133
0.008054018020629883
0.010429143905639648
0.005285978317260742
0.027515888214111328
0.013907909393310547
0.03466296195983887
0.010573863983154297
0.004728078842163086
0.024636030197143555
0.013216018676757812
0.03824305534362793
0.018963098526000977
0.035349130630493164
0.016508817672729492
0.009549140930175781
0.028200149536132812
0.012404918670654297
0.002434968948364258
0.0072481632232666016
0.016724109649658203
0.008241891860961914
0.00622105598449707
0.01708817481994629
0.010623931884765625
0.008333921432495117
0.030272960662841797
0.005950927734375
0.017066001892089844
0.0032820701599121094
0.009619951248168945
0.01596212387084961
0.025478124618530273
0.010298967361450195
0.004456996917724609
0.038424015045166016
0.00740504264831543
0.010415077209472656
0.0072019100189208984
0.007391929626464844
0.005964994430541992
0.011239051818847656
0.019596099853515625
0.0038521289825439453
0.015739917755126953
0.006060123443603516
0.01196908950805664
0.018352031707763672
0.0038471221923828125
0.00954294204711914
0.014632940292358398
0.006933927536010742
0.004094123840332031
0.00948190689086914
0.0016632080078125
0.00860285758972168
0.014783859252929688
0.014335870742797852
0.003590106964111328
0.007462024688720703
0.015599966049194336
0.005897998809814453
0.023704051971435547
0.01129293441772461
0.0063629150390625
0.00587010383605957
0.013802051544189453
0.0065250396728515625
0.017256975173950195
0.004583835601806641
0.011346101760864258
0.007391214370727539
0.006941080093383789
0.016006946563720703
0.006680965423583984
0.00849008560180664
0.006784915924072266
0.008116006851196289
0.0026221275329589844
0.004309892654418945
0.009696006774902344
0.006310939788818359
0.04204297065734863
0.009112119674682617
0.019403934478759766
0.0034449100494384766
0.00799107551574707
0.021651029586791992
0.027888059616088867
0.019598960876464844
0.024747133255004883
0.010101079940795898
0.04219198226928711
0.005583047866821289
0.022743940353393555
0.008442878723144531
0.007072925567626953
0.012572050094604492
0.010993003845214844
0.004995822906494141
0.043740034103393555
0.003133058547973633
0.012403011322021484
0.010246038436889648
0.016788005828857422
0.003988981246948242
0.005339145660400391
0.01048898696899414
0.010822057723999023
0.01454305648803711
0.02598404884338379
0.015044927597045898
0.006412029266357422
0.0028200149536132812
0.009860038757324219
0.03209495544433594
0.007493019104003906
0.002435922622680664
0.012136220932006836
0.03203392028808594
0.007172107696533203
0.009340047836303711
0.01609206199645996
0.011996030807495117
0.004583835601806641
0.010843038558959961
0.006635904312133789
0.0107879638671875
0.0030999183654785156
0.010313034057617188
0.02058696746826172
0.0045359134674072266
0.012160062789916992
0.009463071823120117
0.0071299076080322266
0.015401124954223633
0.009788990020751953
0.008439064025878906
0.00922703742980957
0.003306150436401367
0.01505899429321289
0.024657011032104492
0.0063059329986572266
0.008273839950561523
0.019088029861450195
0.0073699951171875
0.007814884185791016
0.011893987655639648
0.0016269683837890625
0.02863597869873047
0.014783143997192383
0.004602909088134766
0.020448923110961914
0.0223391056060791
0.0021369457244873047
0.006665945053100586
0.002916097640991211
0.01630711555480957
0.015617847442626953
0.01077580451965332
0.014803886413574219
0.006854057312011719
0.02530694007873535
0.010760068893432617
0.005342006683349609
0.01810002326965332
0.015002012252807617
0.011157989501953125
0.013572931289672852
0.015622138977050781
0.006066083908081055
0.006807088851928711
0.0042378902435302734
0.004091978073120117
0.003165006637573242
0.008558034896850586
0.006062984466552734
0.017143964767456055
0.025265932083129883
0.01828312873840332
0.00748896598815918
0.01382899284362793
0.009158849716186523
0.00785517692565918
0.002814054489135742
0.059677839279174805
0.009949922561645508
0.01055288314819336
0.010677099227905273
0.004003047943115234
0.004523038864135742
0.007230043411254883
0.0035660266876220703
0.008234024047851562
0.0041158199310302734
0.0044078826904296875
0.00826406478881836
0.008268117904663086
0.006661891937255859
0.00929117202758789
0.0192108154296875
0.018723011016845703
0.019980907440185547
0.030943870544433594
0.014168977737426758
0.0033969879150390625
0.0030241012573242188
0.018797874450683594
0.006889820098876953
0.004787921905517578
0.018878936767578125
0.01219487190246582
0.01886296272277832
0.0033769607543945312
0.010924816131591797
0.007267951965332031
0.009488821029663086
0.00662994384765625
0.003139019012451172
0.009001016616821289
0.01140904426574707
0.014321088790893555
0.015086174011230469
0.022099971771240234
0.02257394790649414
0.0025970935821533203
0.016395092010498047
0.007807016372680664
0.00581812858581543
0.010575056076049805
0.031503915786743164
0.021738052368164062
0.008558034896850586
0.015418052673339844
0.013544082641601562
0.011939048767089844
0.018293142318725586
0.0202329158782959
0.005383014678955078
0.02399587631225586
0.01530599594116211
0.02448892593383789
0.012327909469604492
0.011890172958374023
0.009160041809082031
0.012918949127197266
0.006897926330566406
0.022190093994140625
0.0039370059967041016
0.008397102355957031
0.01642894744873047
0.002978086471557617
0.0018930435180664062
0.02479410171508789
0.005650043487548828
0.0028259754180908203
0.003187894821166992
0.004661083221435547
0.00292205810546875
0.006290912628173828
0.015025138854980469
0.010365962982177734
0.01706099510192871
0.006824970245361328
0.004982948303222656
0.0034780502319335938
0.01115107536315918
0.008383989334106445
0.008805036544799805
0.009663105010986328
0.011052131652832031
0.01913905143737793
0.008157968521118164
0.0028989315032958984
0.006304025650024414
0.006367921829223633
0.03522992134094238
0.010285139083862305
0.005376100540161133
0.03380894660949707
0.009387016296386719
0.018486976623535156
0.032232046127319336
0.00701594352722168
0.003256082534790039
0.0031800270080566406
0.011451959609985352
0.020917177200317383
0.005113124847412109
0.003654003143310547
0.005033969879150391
0.029722929000854492
0.008005857467651367
0.00481414794921875
0.008976936340332031
0.0032501220703125
0.007363080978393555
0.008057832717895508
0.03424382209777832
0.017525911331176758
0.020416975021362305
0.009558916091918945
0.016771793365478516
0.005851030349731445
0.010782003402709961
0.006499052047729492
0.03287100791931152
0.010357141494750977
0.007481813430786133
0.011312007904052734
0.008587837219238281
0.01206517219543457
0.018655061721801758
0.026433944702148438
0.009786844253540039
0.026011943817138672
0.05741596221923828
0.018130064010620117
0.00913381576538086
0.020206928253173828
0.006652116775512695
0.05173492431640625
0.00649714469909668
0.009616851806640625
0.007870912551879883
0.01165914535522461
0.0036039352416992188
0.014130115509033203
0.013326883316040039
0.0028798580169677734
0.005471944808959961
0.006953001022338867
0.0071299076080322266
0.010684013366699219
0.004408121109008789
0.03641700744628906
0.011142969131469727
0.0072078704833984375
0.021440982818603516
0.01028299331665039
0.020562171936035156
0.007566928863525391
0.008098125457763672
0.007707834243774414
0.004595041275024414
0.0059888362884521484
0.015467166900634766
0.00472712516784668
0.004705905914306641
0.0341489315032959
0.011911869049072266
0.04089021682739258
0.015482187271118164
0.007213115692138672
0.004057884216308594
0.0037689208984375
0.015269994735717773
0.01482701301574707
0.02006697654724121
0.015063047409057617
0.0059010982513427734
0.021225929260253906
0.00660395622253418
0.007107973098754883
0.005670785903930664
0.03114604949951172
0.007618904113769531
0.019161224365234375
0.01980304718017578
0.015702009201049805
0.012464046478271484
0.019889116287231445
0.0037980079650878906
0.018641948699951172
0.009302139282226562
0.009312152862548828
0.02430105209350586
0.020801067352294922
0.01252603530883789
0.02197408676147461
0.00857686996459961
0.018058061599731445
0.005815029144287109
0.01584601402282715
0.014388084411621094
0.013733148574829102
0.021797895431518555
0.018144845962524414
0.008208990097045898
0.010907888412475586
0.012922048568725586
0.013654947280883789
0.01324915885925293
0.00887298583984375
0.004099130630493164
0.011661052703857422
0.0063588619232177734
0.0075910091400146484
0.01055002212524414
0.010003089904785156
0.026500940322875977
0.008730173110961914
0.015954017639160156
0.0077190399169921875
0.02492213249206543
0.008603096008300781
0.019862890243530273
0.022342920303344727
0.003874063491821289
0.003297090530395508
0.012502908706665039
0.018141984939575195
0.014484882354736328
0.031346797943115234
0.014790058135986328
0.01590895652770996
0.0038330554962158203
0.002920866012573242
0.019787073135375977
0.027096986770629883
0.01180887222290039
0.02640080451965332
0.0031890869140625
0.021023035049438477
0.012336969375610352
0.0037910938262939453
0.008856058120727539
0.01947498321533203
0.023450136184692383
0.005391120910644531
0.00960397720336914
0.017830848693847656
0.013566970825195312
0.02081608772277832
0.0034270286560058594
0.027124881744384766
0.005836963653564453
0.0030698776245117188
0.005906820297241211
0.008419036865234375
0.0037970542907714844
0.031188011169433594
0.004966020584106445
0.0031211376190185547
0.0061550140380859375
0.022775888442993164
0.009470939636230469
0.00782012939453125
0.009572982788085938
0.0033080577850341797
0.021554946899414062
0.008962869644165039
0.006262063980102539
0.002418994903564453
0.00832509994506836
0.002279043197631836
0.01396799087524414
0.010045051574707031
0.04280900955200195
0.007349967956542969
0.010702133178710938
0.005640983581542969
0.029555082321166992
0.012892961502075195
0.008704900741577148
0.002702951431274414
0.028210878372192383
0.04054403305053711
0.005842924118041992
0.012202978134155273
0.00999307632446289
0.014873981475830078
0.006312847137451172
0.0030667781829833984
0.0041599273681640625
