0.031330108642578125
0.012296915054321289
0.008938074111938477
0.006747007369995117
0.004678010940551758
0.008483171463012695
0.007292985916137695
0.008129119873046875
0.003331899642944336
0.009840965270996094
0.020275115966796875
0.0022220611572265625
0.017312049865722656
0.008656978607177734
0.0027861595153808594
0.0183718204498291
0.011584043502807617
0.014868974685668945
0.019906997680664062
0.008260011672973633
0.009000062942504883
0.011463165283203125
0.007586956024169922
0.011255025863647461
0.005908012390136719
0.033416032791137695
0.01897406578063965
0.017071008682250977
0.0035409927368164062
0.009902000427246094
0.004106998443603516
0.019182920455932617
0.0068950653076171875
0.0015380382537841797
0.0064771175384521484
0.0036978721618652344
0.007951974868774414
0.0035359859466552734
0.011228799819946289
0.0022919178009033203
0.009996175765991211
0.011202096939086914
0.0023679733276367188
0.01275014877319336
0.006165027618408203
0.02317500114440918
0.004484891891479492
0.008758068084716797
0.012310028076171875
0.002421140670776367
0.007949113845825195
0.0030488967895507812
0.0031898021697998047
0.004728078842163086
0.008587121963500977
0.004670858383178711
0.007585048675537109
0.007925987243652344
0.006915092468261719
0.005471944808959961
0.00374603271484375
0.023962974548339844
0.004364013671875
0.003281116485595703
0.014776945114135742
0.027220964431762695
0.007592916488647461
0.006878852844238281
0.003679037094116211
0.011764049530029297
0.008152008056640625
0.013468027114868164
0.015780925750732422
0.002758026123046875
0.01704883575439453
0.008430004119873047
0.009441852569580078
0.002103090286254883
0.01717400550842285
0.002630949020385742
0.012756109237670898
0.010061025619506836
0.012488126754760742
0.004767894744873047
0.006645917892456055
0.009000062942504883
0.019776105880737305
0.01335597038269043
0.030678987503051758
0.00850987434387207
0.004661083221435547
0.012022972106933594
0.0032379627227783203
0.0061321258544921875
0.002874135971069336
0.017588138580322266
0.011603116989135742
0.012933015823364258
0.009402036666870117
0.037010908126831055
0.012232065200805664
0.005341053009033203
0.02680492401123047
0.008944988250732422
0.0025959014892578125
0.011919975280761719
0.009895086288452148
0.013501882553100586
0.00435185432434082
0.011627197265625
0.01061391830444336
0.003551006317138672
0.011111974716186523
0.006079912185668945
0.006112098693847656
0.0037598609924316406
0.0010941028594970703
0.007280826568603516
0.011087894439697266
0.005697011947631836
0.009708881378173828
0.004555940628051758
0.02034902572631836
0.010200023651123047
0.006300926208496094
0.004742860794067383
0.0070760250091552734
0.0036001205444335938
0.0036420822143554688
0.010562896728515625
0.0036880970001220703
0.007967948913574219
0.005592823028564453
0.013986825942993164
0.005969047546386719
0.008499860763549805
0.004966020584106445
0.008685111999511719
0.041977882385253906
0.0035719871520996094
0.0025069713592529297
0.004137992858886719
0.0032629966735839844
0.003080129623413086
0.00813603401184082
0.0061130523681640625
0.004429817199707031
0.0051839351654052734
0.012084007263183594
0.010075092315673828
0.002543926239013672
0.0034618377685546875
0.008753061294555664
0.009319067001342773
0.0019140243530273438
0.010096073150634766
0.007158994674682617
0.017246007919311523
0.004426002502441406
0.006731986999511719
0.004930973052978516
0.006063938140869141
0.00550389289855957
0.002268075942993164
0.0068359375
0.014416933059692383
0.012539148330688477
0.002443075180053711
0.03612184524536133
0.005434989929199219
0.005535125732421875
0.007360935211181641
0.0031130313873291016
0.008706092834472656
0.0027709007263183594
0.01041102409362793
0.01573491096496582
0.0043239593505859375
0.015594005584716797
0.003667116165161133
0.0033729076385498047
0.006400108337402344
0.019465923309326172
0.007174015045166016
0.022650957107543945
0.003973960876464844
0.003824949264526367
0.021561145782470703
0.0022230148315429688
0.018278837203979492
0.009628057479858398
0.007743120193481445
0.0072689056396484375
0.005258083343505859
0.02021193504333496
0.020048141479492188
0.006064891815185547
0.004055023193359375
0.008714914321899414
0.019617080688476562
0.0056209564208984375
0.006696939468383789
0.012377023696899414
0.03252720832824707
0.002847909927368164
0.0020699501037597656
0.005093097686767578
0.010655879974365234
0.03573799133300781
0.011578798294067383
0.011399984359741211
0.007863998413085938
0.010447025299072266
0.006192207336425781
0.01941514015197754
0.01114797592163086
0.008530855178833008
0.018096208572387695
0.015405893325805664
0.003612995147705078
0.003885984420776367
0.012658119201660156
0.006700038909912109
0.005223989486694336
0.005499124526977539
0.0063669681549072266
0.0021369457244873047
0.012840986251831055
0.012511014938354492
0.005337953567504883
0.003512859344482422
0.018000125885009766
0.005383014678955078
0.004770040512084961
0.006644010543823242
0.019905805587768555
0.012645959854125977
0.014930009841918945
0.0243990421295166
0.00787496566772461
0.0027039051055908203
0.005424022674560547
0.010169029235839844
0.012354135513305664
0.00858306884765625
0.005157947540283203
0.005300045013427734
0.004187107086181641
0.011379003524780273
0.017649173736572266
0.00507807731628418
0.0023648738861083984
0.005383014678955078
0.0048449039459228516
0.0035049915313720703
0.004948139190673828
0.0037539005279541016
0.007903099060058594
0.01164698600769043
0.013897895812988281
0.0033190250396728516
0.011561870574951172
0.00681614875793457
0.007571220397949219
0.022012948989868164
0.0017659664154052734
0.006824016571044922
0.012929201126098633
0.004414796829223633
0.005401134490966797
0.004951953887939453
0.013839960098266602
0.00690007209777832
0.0026171207427978516
0.005995035171508789
0.002588033676147461
0.002006053924560547
0.006094932556152344
0.002866029739379883
0.015359878540039062
0.007826089859008789
0.010996103286743164
0.00787496566772461
0.006434917449951172
0.0039288997650146484
0.01722097396850586
0.004019021987915039
0.010529041290283203
0.009702920913696289
0.0028481483459472656
0.024362802505493164
0.003348827362060547
0.003462076187133789
0.013098955154418945
0.01155400276184082
0.004289865493774414
0.00468897819519043
0.008460044860839844
0.0061588287353515625
0.009884834289550781
0.009399175643920898
0.00795888900756836
0.0027480125427246094
0.006622791290283203
0.015218019485473633
0.003545999526977539
0.0040531158447265625
0.007052898406982422
0.0054399967193603516
0.005531787872314453
0.012044906616210938
0.012972116470336914
0.004105091094970703
0.008081912994384766
0.009615898132324219
0.006002902984619141
0.013885021209716797
0.014844179153442383
0.008648872375488281
0.009182929992675781
0.006994009017944336
0.0035400390625
0.009081840515136719
0.008761882781982422
0.005728960037231445
0.0024738311767578125
0.010480880737304688
0.008417129516601562
0.009021997451782227
0.008693218231201172
0.015810012817382812
0.009461164474487305
0.011919021606445312
0.014838933944702148
0.013433218002319336
0.009968042373657227
0.011242866516113281
0.009740114212036133
0.0033559799194335938
0.025836944580078125
0.0034339427947998047
0.003386974334716797
0.0021209716796875
0.00949406623840332
0.007800102233886719
0.016627073287963867
0.002618074417114258
0.0056149959564208984
0.007097959518432617
0.011294841766357422
0.008324861526489258
0.01651787757873535
0.006237030029296875
0.008301973342895508
0.013809919357299805
0.01326298713684082
0.005208015441894531
0.006043910980224609
0.00760197639465332
0.007876157760620117
0.009173870086669922
0.00875711441040039
0.011256933212280273
0.005356788635253906
0.0066640377044677734
0.008401870727539062
0.0023920536041259766
0.004358053207397461
0.012725114822387695
0.001299142837524414
0.009079933166503906
0.010184049606323242
0.010878801345825195
0.0028200149536132812
0.004381895065307617
0.004912853240966797
0.002302885055541992
0.0032439231872558594
0.00805211067199707
0.013849020004272461
0.015637874603271484
0.014006853103637695
0.011099100112915039
0.010763883590698242
0.00934600830078125
0.005957841873168945
0.00310516357421875
0.00825190544128418
0.011025190353393555
0.008578062057495117
0.0051670074462890625
0.020952939987182617
0.013003110885620117
0.007935047149658203
0.0035028457641601562
0.0018420219421386719
0.006613016128540039
0.013616800308227539
0.02012014389038086
0.013379812240600586
0.0032629966735839844
0.0029418468475341797
0.012286186218261719
0.006313800811767578
0.007520198822021484
0.011691808700561523
0.005312919616699219
0.0073947906494140625
0.0029289722442626953
0.0070400238037109375
0.012948989868164062
0.002925872802734375
0.002549886703491211
0.005208015441894531
0.008352041244506836
0.017585039138793945
0.012223958969116211
0.00374603271484375
0.0043849945068359375
0.008299112319946289
0.004209995269775391
0.01850295066833496
0.0015261173248291016
0.0038640499114990234
0.008877992630004883
0.011285066604614258
0.012530088424682617
0.002026081085205078
0.003622770309448242
0.01622796058654785
0.012592077255249023
0.00870203971862793
0.007364034652709961
0.012737035751342773
0.005727052688598633
0.0055389404296875
0.007071971893310547
0.0039598941802978516
0.005968809127807617
0.014517068862915039
0.010053157806396484
0.005995035171508789
0.009969949722290039
0.009285926818847656
0.011065006256103516
0.014564037322998047
0.009905099868774414
0.003795146942138672
0.0036039352416992188
0.0076448917388916016
0.0052280426025390625
0.00435185432434082
0.010569095611572266
0.007807016372680664
0.030907154083251953
0.0042569637298583984
0.0015730857849121094
0.01050710678100586
0.017657995223999023
0.0077190399169921875
0.004067182540893555
0.007921934127807617
0.012573957443237305
0.007121086120605469
0.0021560192108154297
0.003939151763916016
0.004334926605224609
0.030784130096435547
0.0041980743408203125
0.0022568702697753906
0.005633115768432617
0.005377054214477539
0.008700847625732422
0.013887882232666016
0.009659051895141602
0.002961874008178711
0.01937413215637207
0.011767864227294922
0.010859966278076172
0.006601095199584961
0.001806020736694336
0.008716106414794922
0.0025780200958251953
0.006300926208496094
0.0015730857849121094
0.0083160400390625
0.008821964263916016
0.0038230419158935547
0.011185884475708008
0.004328012466430664
0.009530067443847656
0.014428853988647461
0.0044100284576416016
0.010779857635498047
0.004637956619262695
0.009886980056762695
0.008038043975830078
0.002574920654296875
0.024899959564208984
0.009351015090942383
0.002235889434814453
0.002746105194091797
0.008450984954833984
0.010007858276367188
0.007899045944213867
0.005026102066040039
0.008134841918945312
0.008434057235717773
0.01202082633972168
0.006785154342651367
0.006115913391113281
0.027786970138549805
0.009138107299804688
0.011633157730102539
0.0039370059967041016
0.012436866760253906
0.0077250003814697266
0.01283717155456543
0.017461061477661133
0.03058791160583496
0.007740020751953125
0.004227876663208008
0.023747920989990234
0.005031108856201172
0.003648042678833008
0.0035109519958496094
0.010387897491455078
0.006769895553588867
0.009940147399902344
0.0059201717376708984
0.004669904708862305
0.01338505744934082
0.005527019500732422
0.02285289764404297
0.006677150726318359
0.005702972412109375
0.007826089859008789
0.0031790733337402344
0.003763914108276367
0.004543781280517578
0.020750999450683594
0.004932880401611328
0.0024950504302978516
0.00559687614440918
0.0029528141021728516
0.006348848342895508
0.011718034744262695
0.00360107421875
0.0028040409088134766
0.004790067672729492
0.00792694091796875
0.014692068099975586
0.014436960220336914
0.009763002395629883
0.013613224029541016
0.008450984954833984
0.013978958129882812
0.008476972579956055
0.0032320022583007812
0.005922079086303711
0.004336833953857422
0.003922939300537109
0.019142866134643555
0.0069370269775390625
0.005521059036254883
0.0014848709106445312
0.008862972259521484
0.003626108169555664
0.01817011833190918
0.0034809112548828125
0.008172035217285156
0.005825042724609375
0.009822845458984375
0.012480020523071289
0.0053920745849609375
0.010090112686157227
0.012031078338623047
0.00739288330078125
0.002972126007080078
0.014221906661987305
0.008397102355957031
0.010582923889160156
0.0038840770721435547
0.007210969924926758
0.0038750171661376953
0.012906074523925781
0.009196996688842773
0.008519887924194336
0.006855964660644531
0.009961128234863281
0.009340047836303711
0.007164955139160156
0.006691932678222656
0.002017974853515625
0.007483005523681641
0.009697914123535156
0.00500798225402832
0.001322031021118164
0.006204843521118164
0.01608896255493164
0.011709928512573242
0.0030448436737060547
0.010154008865356445
0.004765033721923828
0.004591941833496094
0.003010988235473633
0.005889177322387695
0.0032799243927001953
0.017852067947387695
0.004580974578857422
0.0026760101318359375
0.009900808334350586
0.005054950714111328
0.014596939086914062
0.022069931030273438
0.005853176116943359
0.013752937316894531
0.0018150806427001953
0.005497932434082031
0.010622978210449219
0.011183023452758789
0.007115840911865234
0.007081031799316406
0.006858110427856445
0.017807960510253906
0.010020017623901367
0.0037009716033935547
0.014307022094726562
0.0016279220581054688
0.005280971527099609
0.017857074737548828
0.003587007522583008
0.017071962356567383
0.007709026336669922
0.0057239532470703125
0.006791114807128906
0.01541900634765625
0.020083904266357422
0.005814790725708008
0.00571894645690918
0.0101318359375
0.004817962646484375
0.010137081146240234
0.00805807113647461
0.009927988052368164
0.006189107894897461
0.008060932159423828
0.010859012603759766
0.016168832778930664
0.02312302589416504
0.01087808609008789
0.006659030914306641
0.009626150131225586
0.011740922927856445
0.014212846755981445
0.003933906555175781
0.011404037475585938
0.014189004898071289
0.0038950443267822266
0.01485300064086914
0.004843950271606445
0.023218154907226562
0.005495786666870117
0.0016100406646728516
0.012269020080566406
0.006002902984619141
0.003526926040649414
0.0039021968841552734
0.008121967315673828
0.022316932678222656
0.009951114654541016
0.006293058395385742
0.003339052200317383
0.016906023025512695
0.005196809768676758
0.013486146926879883
0.0026569366455078125
0.006446123123168945
0.0050699710845947266
0.01840496063232422
0.023451805114746094
0.008434057235717773
0.008342981338500977
0.0031540393829345703
0.006596803665161133
0.01550602912902832
0.02326202392578125
0.00904703140258789
0.0031299591064453125
0.0056400299072265625
0.0048329830169677734
0.020505189895629883
0.004168987274169922
0.018234968185424805
0.007297992706298828
0.0054051876068115234
0.004945993423461914
0.006310939788818359
0.017467021942138672
0.008327007293701172
0.003955841064453125
0.003181934356689453
0.012423038482666016
0.009350061416625977
0.0026979446411132812
0.008886098861694336
0.013154983520507812
0.0077610015869140625
0.0030732154846191406
0.0030410289764404297
0.005108833312988281
0.011074066162109375
0.004949092864990234
0.00625300407409668
0.006551980972290039
0.007143974304199219
0.009452104568481445
0.010519981384277344
0.014178991317749023
0.00478816032409668
0.008001089096069336
0.0036821365356445312
0.0066869258880615234
0.008227825164794922
0.013566017150878906
0.004282951354980469
0.013264894485473633
0.00503993034362793
0.0058519840240478516
0.007058143615722656
0.008002042770385742
0.0040130615234375
0.013063907623291016
0.007259845733642578
0.004163026809692383
0.017086029052734375
0.0025451183319091797
0.0030908584594726562
0.003754138946533203
0.009080886840820312
0.004345893859863281
0.011188983917236328
0.007598876953125
0.00698089599609375
0.001775979995727539
0.003876924514770508
0.008923053741455078
0.013167142868041992
0.008704900741577148
0.0074520111083984375
0.0043010711669921875
0.006273984909057617
0.016469955444335938
0.0026569366455078125
0.010217905044555664
0.0033960342407226562
0.009509801864624023
0.00535893440246582
0.0039038658142089844
0.007464885711669922
0.003133058547973633
0.005227088928222656
0.009411096572875977
0.007686138153076172
0.011633872985839844
0.02494502067565918
0.0024559497833251953
0.01063990592956543
0.0074388980865478516
0.010684013366699219
0.005829811096191406
0.007773876190185547
0.004971981048583984
0.008910894393920898
0.006687164306640625
0.011024951934814453
0.005828857421875
0.012590169906616211
0.020502805709838867
0.014766216278076172
0.001497030258178711
0.02274012565612793
0.00760197639465332
0.0030999183654785156
0.004785060882568359
0.0027251243591308594
0.011060953140258789
0.007516145706176758
0.006142854690551758
0.012086868286132812
0.009651899337768555
0.00589299201965332
0.011029958724975586
0.012354850769042969
0.007245063781738281
0.0037817955017089844
0.006537914276123047
0.0057430267333984375
0.010188102722167969
0.012048006057739258
0.004263877868652344
0.004344940185546875
0.005203962326049805
0.0031630992889404297
0.006606101989746094
0.014326095581054688
0.006011962890625
0.011358022689819336
0.0054628849029541016
0.004128217697143555
0.0048198699951171875
0.00950002670288086
0.0039441585540771484
0.009299993515014648
0.008949995040893555
0.015136003494262695
0.002664804458618164
0.01358485221862793
0.0066030025482177734
0.020349979400634766
0.004842996597290039
0.01122593879699707
0.005142927169799805
0.0072231292724609375
0.004867076873779297
0.029928922653198242
0.013340950012207031
0.002235889434814453
0.0016858577728271484
0.0047130584716796875
0.008402109146118164
0.009855031967163086
0.007112026214599609
0.009813070297241211
0.008929967880249023
0.0019321441650390625
0.009100914001464844
0.023060083389282227
0.0073719024658203125
0.0042629241943359375
0.011703014373779297
0.006620168685913086
0.008343935012817383
0.014339923858642578
0.002649068832397461
0.007189035415649414
0.008795976638793945
0.003155946731567383
0.0053179264068603516
0.007239103317260742
0.011389017105102539
0.013416051864624023
0.027363061904907227
0.0073490142822265625
0.00642704963684082
0.010381221771240234
0.0019669532775878906
0.00397801399230957
0.005175113677978516
0.005858898162841797
0.0045909881591796875
0.0033881664276123047
0.012372016906738281
0.02460789680480957
0.008473873138427734
0.009035110473632812
0.008890867233276367
0.018795013427734375
0.002691984176635742
0.00413203239440918
0.002889871597290039
0.004374980926513672
0.008449077606201172
0.0052280426025390625
0.009366989135742188
0.0054590702056884766
0.005948066711425781
0.014690160751342773
0.015694141387939453
0.0023870468139648438
0.00595402717590332
0.006042003631591797
0.024103879928588867
0.0052471160888671875
0.00526881217956543
0.008147954940795898
0.012108087539672852
0.004873037338256836
0.007355928421020508
0.004211902618408203
0.00978994369506836
0.006291866302490234
0.003233194351196289
0.028097867965698242
0.0024678707122802734
0.0029380321502685547
0.01848292350769043
0.014719009399414062
0.029169082641601562
0.004923105239868164
0.033978939056396484
0.0044820308685302734
0.0036971569061279297
0.009512901306152344
0.0019299983978271484
0.0013251304626464844
0.0028679370880126953
0.0065801143646240234
0.015789031982421875
0.0016679763793945312
0.007082939147949219
0.007012844085693359
0.006376028060913086
0.004925966262817383
0.0030519962310791016
0.007889986038208008
0.01945209503173828
0.0019989013671875
0.005257129669189453
0.007243156433105469
0.00966501235961914
0.006264925003051758
0.005431175231933594
0.022077083587646484
0.0071370601654052734
0.003657817840576172
0.00463104248046875
0.013373136520385742
0.0018138885498046875
0.0018892288208007812
0.00574493408203125
0.0051801204681396484
0.01660299301147461
0.019808053970336914
0.006392002105712891
0.0020530223846435547
0.0027170181274414062
0.006548166275024414
0.006211042404174805
0.003924131393432617
0.008459091186523438
0.005998134613037109
0.0152740478515625
0.006333112716674805
0.0034799575805664062
0.0038290023803710938
0.012029886245727539
0.0018510818481445312
0.0066640377044677734
0.008634090423583984
0.014602899551391602
0.0034461021423339844
0.003966093063354492
0.011272907257080078
0.006514787673950195
0.005368947982788086
0.002652883529663086
0.00861501693725586
0.00560307502746582
0.009087085723876953
0.006260871887207031
0.01021718978881836
0.004299163818359375
0.006843090057373047
0.004870176315307617
0.0018548965454101562
0.011232137680053711
0.0036149024963378906
0.006875038146972656
0.006576061248779297
0.005496978759765625
0.006310939788818359
0.01026606559753418
0.0037980079650878906
0.004734992980957031
0.010138988494873047
0.020824909210205078
0.010637998580932617
0.004647970199584961
0.003345966339111328
0.001238107681274414
0.014171838760375977
0.0045168399810791016
0.0066988468170166016
0.0055999755859375
0.01568603515625
0.010768890380859375
0.008506059646606445
0.00847482681274414
0.0020749568939208984
0.009356021881103516
0.016716957092285156
0.002371072769165039
0.007185935974121094
0.008929967880249023
0.008736133575439453
0.0025739669799804688
0.004147052764892578
0.008112907409667969
0.00982809066772461
