0.0017819404602050781
0.006415128707885742
0.0030679702758789062
0.0027451515197753906
0.004040956497192383
0.0064470767974853516
0.007131099700927734
0.0031490325927734375
0.0014400482177734375
0.007735013961791992
0.0027849674224853516
0.00263214111328125
0.005274057388305664
0.003876924514770508
0.0018160343170166016
0.009483098983764648
0.007134914398193359
0.014758110046386719
0.002580881118774414
0.0038580894470214844
0.0045108795166015625
0.0038340091705322266
0.004876852035522461
0.004481792449951172
0.002312183380126953
0.0055389404296875
0.007843971252441406
0.0015380382537841797
0.003144979476928711
0.004085063934326172
0.004576921463012695
0.002746105194091797
0.00350189208984375
0.00533294677734375
0.006190061569213867
0.0049610137939453125
0.007094144821166992
0.006880998611450195
0.005886077880859375
0.008131980895996094
0.005866050720214844
0.014932870864868164
0.002538919448852539
0.0036029815673828125
0.005258083343505859
0.0015289783477783203
0.0025780200958251953
0.0026650428771972656
0.004364967346191406
0.002972126007080078
0.01534891128540039
0.013773918151855469
0.0064449310302734375
0.005074024200439453
0.0018169879913330078
0.0011360645294189453
0.0019350051879882812
0.0074138641357421875
0.004909038543701172
0.0030341148376464844
0.0008881092071533203
0.002950906753540039
0.003526926040649414
0.007033824920654297
0.00484013557434082
0.0009758472442626953
0.004148006439208984
0.004834175109863281
0.002416849136352539
0.003371000289916992
0.01845407485961914
0.006227970123291016
0.0029611587524414062
0.010869979858398438
0.003760099411010742
0.004316091537475586
0.006352901458740234
0.002557992935180664
0.007811069488525391
0.0019199848175048828
0.0016281604766845703
0.0034689903259277344
0.0022339820861816406
0.0009911060333251953
0.0013709068298339844
0.006893157958984375
0.0018029212951660156
0.0022890567779541016
0.003047943115234375
0.008613109588623047
0.0036449432373046875
0.006473064422607422
0.0027780532836914062
0.00391697883605957
0.004497051239013672
0.0053369998931884766
0.00665593147277832
0.004355192184448242
0.0043218135833740234
0.0038208961486816406
0.0071680545806884766
0.005231142044067383
0.017904996871948242
0.0011391639709472656
0.006453990936279297
0.00626683235168457
0.009144067764282227
0.0017290115356445312
0.003236055374145508
0.0076448917388916016
0.0017669200897216797
0.0017108917236328125
0.0035588741302490234
0.0027208328247070312
0.00884699821472168
0.0050640106201171875
0.004813194274902344
0.001997232437133789
0.004022121429443359
0.0029790401458740234
0.0025489330291748047
0.0025930404663085938
0.013087987899780273
0.009552001953125
0.0024039745330810547
0.013940095901489258
0.002173900604248047
0.003782987594604492
0.0011310577392578125
0.0056040287017822266
0.00624394416809082
0.002044200897216797
0.003988981246948242
0.0027189254760742188
0.0018630027770996094
0.007050037384033203
0.011138916015625
0.0017809867858886719
0.00412297248840332
0.002004861831665039
0.007628917694091797
0.011061906814575195
0.004766941070556641
0.0011889934539794922
0.004779815673828125
0.0042040348052978516
0.002689838409423828
0.006552219390869141
0.003773927688598633
0.007701873779296875
0.0010750293731689453
0.0035049915313720703
0.0022928714752197266
0.001505136489868164
0.004642009735107422
0.0011489391326904297
0.006802082061767578
0.002357006072998047
0.007420063018798828
0.006996870040893555
0.004180908203125
0.010423898696899414
0.0019109249114990234
0.00234222412109375
0.001608133316040039
0.0015568733215332031
0.00840902328491211
0.004310131072998047
0.012986183166503906
0.014024019241333008
0.0022029876708984375
0.005281925201416016
0.0015919208526611328
0.0038301944732666016
0.002376079559326172
0.0026018619537353516
0.0037081241607666016
0.0023450851440429688
0.009376049041748047
0.0035119056701660156
0.0023560523986816406
0.01017618179321289
0.004086971282958984
0.0042378902435302734
0.007960081100463867
0.004703998565673828
0.003171205520629883
0.008214950561523438
0.002994060516357422
0.008739948272705078
0.009145021438598633
0.007633209228515625
0.0033180713653564453
0.0034558773040771484
0.0065081119537353516
0.0016219615936279297
0.006202220916748047
0.003929853439331055
0.002547025680541992
0.003690004348754883
0.01211094856262207
0.009961128234863281
0.00395512580871582
0.0010020732879638672
0.005097150802612305
0.0012240409851074219
0.01126718521118164
0.018951892852783203
0.005004167556762695
0.009423017501831055
0.00789499282836914
0.007339000701904297
0.00969696044921875
0.0035190582275390625
0.005901813507080078
0.008694887161254883
0.0059299468994140625
0.001461029052734375
0.0026140213012695312
0.0023970603942871094
0.0008699893951416016
0.008913993835449219
0.002004861831665039
0.001985788345336914
0.013813972473144531
0.004038095474243164
0.005751132965087891
0.002228975296020508
0.0023679733276367188
0.003793001174926758
0.008501052856445312
0.005553007125854492
0.008021116256713867
0.006996870040893555
0.0026400089263916016
0.0020508766174316406
0.003640890121459961
0.003222942352294922
0.0032110214233398438
0.0018699169158935547
0.0022318363189697266
0.009433984756469727
0.0042340755462646484
0.006437063217163086
0.0025060176849365234
0.002576112747192383
0.00542902946472168
0.004585981369018555
0.003981113433837891
0.004626035690307617
0.004143953323364258
0.0035741329193115234
0.0068738460540771484
0.006669044494628906
0.002973794937133789
0.0014281272888183594
0.006417989730834961
0.004101991653442383
0.002798795700073242
0.005109071731567383
0.0045928955078125
0.002708911895751953
0.0021491050720214844
0.006619930267333984
0.004987001419067383
0.003206968307495117
0.010636091232299805
0.004684925079345703
0.016376972198486328
0.0035021305084228516
0.005331993103027344
0.0016460418701171875
0.0012090206146240234
0.008645057678222656
0.004915952682495117
0.0056650638580322266
0.0068280696868896484
0.0017750263214111328
0.0024209022521972656
0.0018050670623779297
0.00403594970703125
0.0025680065155029297
0.0009260177612304688
0.004621028900146484
0.0010051727294921875
0.0022530555725097656
0.01314091682434082
0.0018148422241210938
0.002707958221435547
0.0028929710388183594
0.011727094650268555
0.007472038269042969
0.008146047592163086
0.0046291351318359375
0.009268045425415039
0.0031871795654296875
0.002451181411743164
0.004459857940673828
0.0011739730834960938
0.0026390552520751953
0.005857944488525391
0.011836051940917969
0.002604961395263672
0.019640207290649414
0.0052568912506103516
0.002508878707885742
0.0057220458984375
0.002688884735107422
0.0022652149200439453
0.00740814208984375
0.0016930103302001953
0.0025069713592529297
0.002192974090576172
0.007843971252441406
0.003952980041503906
0.009114980697631836
0.0033369064331054688
0.002772092819213867
0.0025529861450195312
0.0012278556823730469
0.012440204620361328
0.004297971725463867
0.004005908966064453
0.0026578903198242188
0.002106904983520508
0.00415492057800293
0.00564885139465332
0.004235029220581055
0.004931926727294922
0.007256984710693359
0.002597808837890625
0.004743814468383789
0.0013358592987060547
0.0030210018157958984
0.01001119613647461
0.002701997756958008
0.006102085113525391
0.0034749507904052734
0.005590915679931641
0.0033338069915771484
0.003793001174926758
0.005558013916015625
0.002313852310180664
0.0032939910888671875
0.004792928695678711
0.009961843490600586
0.001397848129272461
0.0017731189727783203
0.012499094009399414
0.0032911300659179688
0.0026519298553466797
0.0028600692749023438
0.0011289119720458984
0.009823083877563477
0.007937192916870117
0.0013899803161621094
0.002167940139770508
0.002953052520751953
0.002783060073852539
0.0060269832611083984
0.004097938537597656
0.009919881820678711
0.00793600082397461
0.0029969215393066406
0.0019121170043945312
0.007642984390258789
0.001355886459350586
0.014837026596069336
0.001811981201171875
0.0032880306243896484
0.007214069366455078
0.002722024917602539
0.0016641616821289062
0.0036389827728271484
0.006759166717529297
0.004318952560424805
0.008769989013671875
0.0023331642150878906
0.009166955947875977
0.0010302066802978516
0.006609916687011719
0.001984834671020508
0.005087852478027344
0.0020809173583984375
0.010219812393188477
0.004502058029174805
0.004196882247924805
0.006882905960083008
0.0021970272064208984
0.0020990371704101562
0.01549386978149414
0.004547119140625
0.01645803451538086
0.0037720203399658203
0.0019228458404541016
0.0016100406646728516
0.003676891326904297
0.004364967346191406
0.0010640621185302734
0.010497093200683594
0.007773876190185547
0.001990079879760742
0.0030350685119628906
0.0018298625946044922
0.0027391910552978516
0.004976987838745117
0.0031080245971679688
0.004461050033569336
0.0022029876708984375
0.0013930797576904297
0.005897998809814453
0.003812074661254883
0.007885217666625977
0.006041049957275391
0.0038661956787109375
0.0024259090423583984
0.0024509429931640625
0.0045049190521240234
0.0020160675048828125
0.0025298595428466797
0.012651920318603516
0.005466938018798828
0.006309032440185547
0.0014128684997558594
0.0020837783813476562
0.006659984588623047
0.002917051315307617
0.006643056869506836
0.004549980163574219
0.0011739730834960938
0.006794929504394531
0.007454872131347656
0.0031409263610839844
0.0017769336700439453
0.0044209957122802734
0.005177021026611328
0.002783060073852539
0.0021240711212158203
0.003610849380493164
0.0020630359649658203
0.007096052169799805
0.002048015594482422
0.0051348209381103516
0.012808799743652344
0.005343914031982422
0.0012221336364746094
0.010690927505493164
0.0017027854919433594
0.009765148162841797
0.003072023391723633
0.0045549869537353516
0.004094123840332031
0.005624055862426758
0.005793094635009766
0.00985097885131836
0.007122993469238281
0.002302885055541992
0.0026040077209472656
0.020720958709716797
0.0029561519622802734
0.0022280216217041016
0.002496004104614258
0.004917144775390625
0.008452892303466797
0.003145933151245117
0.0051860809326171875
0.0025720596313476562
0.00279998779296875
0.010737895965576172
0.006270885467529297
0.002733945846557617
0.006732940673828125
0.0022079944610595703
0.008875846862792969
0.0011110305786132812
0.0055561065673828125
0.001508951187133789
0.0059621334075927734
0.0061948299407958984
0.0021958351135253906
0.001984119415283203
0.006161928176879883
0.007842063903808594
0.018524169921875
0.01182103157043457
0.009486913681030273
0.002370119094848633
0.0016429424285888672
0.00737309455871582
0.0052721500396728516
0.007333040237426758
0.004441976547241211
0.005919933319091797
0.005463123321533203
0.002087831497192383
0.003504037857055664
0.003782987594604492
0.002285003662109375
0.005120038986206055
0.019495010375976562
0.007031917572021484
0.0052127838134765625
0.003314971923828125
0.0015799999237060547
0.002830028533935547
0.010865926742553711
0.006329774856567383
0.003709077835083008
0.0057392120361328125
0.007879018783569336
0.0017871856689453125
0.005772829055786133
0.006382942199707031
0.0014889240264892578
0.006499052047729492
0.012099027633666992
0.00431513786315918
0.002830028533935547
0.0018219947814941406
0.003306150436401367
0.007565975189208984
0.006798982620239258
0.005327939987182617
0.0009849071502685547
0.006273984909057617
0.003381967544555664
0.0037250518798828125
0.004456043243408203
0.003844022750854492
0.012946844100952148
0.0036191940307617188
0.0041790008544921875
0.0028450489044189453
0.007009983062744141
0.00238800048828125
0.006248950958251953
0.002466917037963867
0.006214141845703125
0.007548093795776367
0.0014841556549072266
0.005754947662353516
0.0024499893188476562
0.0036339759826660156
0.0042111873626708984
0.0015039443969726562
0.004449129104614258
0.002319812774658203
0.005950927734375
0.00179290771484375
0.002910137176513672
0.004392147064208984
0.005715847015380859
0.00467991828918457
0.009647130966186523
0.0037260055541992188
0.005173206329345703
0.0018639564514160156
0.0038831233978271484
0.0016489028930664062
0.010605096817016602
0.0013659000396728516
0.004456996917724609
0.0050737857818603516
0.0028138160705566406
0.005010843276977539
0.0033299922943115234
0.004895925521850586
0.0028908252716064453
0.0038721561431884766
0.0029671192169189453
0.002007007598876953
0.00226593017578125
0.0012140274047851562
0.002444028854370117
0.003183126449584961
0.0024199485778808594
0.002084970474243164
0.010083913803100586
0.0064089298248291016
0.0054628849029541016
0.0017309188842773438
0.002527952194213867
0.0064580440521240234
0.003681182861328125
0.0018818378448486328
0.0032241344451904297
0.002686023712158203
0.00914621353149414
0.0026388168334960938
0.0014920234680175781
0.004354953765869141
0.007982969284057617
0.002724170684814453
0.0021848678588867188
0.003529071807861328
0.003183126449584961
0.0032668113708496094
0.0015900135040283203
0.0009410381317138672
0.001608133316040039
0.002599954605102539
0.00510406494140625
0.0023729801177978516
0.002696990966796875
0.007642030715942383
0.010274887084960938
0.0013971328735351562
0.0020608901977539062
0.0026290416717529297
0.0014579296112060547
0.0009059906005859375
0.0014758110046386719
0.0022079944610595703
0.0022749900817871094
0.003975868225097656
0.00846099853515625
0.002663850784301758
0.003358125686645508
0.00450897216796875
0.021661043167114258
0.002729177474975586
0.005015850067138672
0.0016520023345947266
0.009357929229736328
0.0014510154724121094
0.002077817916870117
0.0067789554595947266
0.0036199092864990234
0.0045659542083740234
0.005156040191650391
0.006310939788818359
0.0026590824127197266
0.009835004806518555
0.01871204376220703
0.008482933044433594
0.006155967712402344
0.0026710033416748047
0.006474018096923828
0.0024890899658203125
0.006047964096069336
0.0064868927001953125
0.0022039413452148438
0.0030701160430908203
0.007581949234008789
0.0043430328369140625
0.008810043334960938
0.0030841827392578125
0.006879091262817383
0.003200054168701172
0.005383968353271484
0.0024030208587646484
0.0080718994140625
0.0016808509826660156
0.002766132354736328
0.00344085693359375
0.002619028091430664
0.0036950111389160156
0.0075299739837646484
0.0019130706787109375
0.02379894256591797
0.004678964614868164
0.002390146255493164
0.007686138153076172
0.0048329830169677734
0.004873037338256836
0.005733966827392578
0.002259969711303711
0.003358125686645508
0.0022618770599365234
0.0021212100982666016
0.006775856018066406
0.008944988250732422
0.003942966461181641
0.004194974899291992
0.0047931671142578125
0.0024690628051757812
0.011655807495117188
0.0013241767883300781
0.0018298625946044922
0.008250951766967773
0.0017440319061279297
0.007221221923828125
0.0018470287322998047
0.0062351226806640625
0.0016291141510009766
0.0015749931335449219
0.004472017288208008
0.013058900833129883
0.0026090145111083984
0.003693819046020508
0.004545927047729492
0.0068399906158447266
0.0032491683959960938
0.006838798522949219
0.0024030208587646484
0.004155874252319336
0.0027320384979248047
0.0027208328247070312
0.008430004119873047
0.003448009490966797
0.0048198699951171875
0.0019888877868652344
0.006880044937133789
0.003072023391723633
0.009453058242797852
0.0010030269622802734
0.003579854965209961
0.004890918731689453
0.014620065689086914
0.0026030540466308594
0.0032129287719726562
0.010877847671508789
0.004957914352416992
0.006912946701049805
0.005200862884521484
0.007516145706176758
0.007980823516845703
0.002685070037841797
0.0030739307403564453
0.0015408992767333984
0.004631996154785156
0.0011699199676513672
0.00267791748046875
0.009299993515014648
0.0061719417572021484
0.0017619132995605469
0.005769968032836914
0.011218070983886719
0.007848978042602539
0.003027200698852539
0.0060880184173583984
0.0034151077270507812
0.006389141082763672
0.003896951675415039
0.002947092056274414
0.007940053939819336
0.002351045608520508
0.0033769607543945312
0.0028579235076904297
0.006072998046875
0.0008759498596191406
0.0011878013610839844
0.0062770843505859375
0.0010771751403808594
0.0030608177185058594
0.0037908554077148438
0.0028519630432128906
0.0033659934997558594
0.00424504280090332
0.0027899742126464844
0.004836082458496094
0.00586700439453125
0.003559112548828125
0.004238128662109375
0.009654998779296875
0.001703023910522461
0.014079093933105469
0.008250951766967773
0.0011479854583740234
0.0028820037841796875
0.011607885360717773
0.001699209213256836
0.0016338825225830078
0.0054929256439208984
0.0014929771423339844
0.006005048751831055
0.0020580291748046875
0.004014015197753906
0.005796909332275391
0.00745701789855957
0.0023581981658935547
0.001641988754272461
0.004173994064331055
0.002368927001953125
0.0056340694427490234
0.00494694709777832
0.004127025604248047
0.007934808731079102
0.002591848373413086
0.004317045211791992
0.005351066589355469
0.0022039413452148438
0.004176139831542969
0.002140045166015625
0.0014109611511230469
0.0032858848571777344
0.0019071102142333984
0.006927967071533203
0.004137992858886719
0.0038030147552490234
0.007961034774780273
0.00911092758178711
0.008551836013793945
0.0030298233032226562
0.007858037948608398
0.010754108428955078
0.007369041442871094
0.01967597007751465
0.0042819976806640625
0.001196146011352539
0.004133939743041992
0.0051479339599609375
0.00249481201171875
0.005675077438354492
0.0031709671020507812
0.00822901725769043
0.002444028854370117
0.002405881881713867
0.018732070922851562
0.00292205810546875
0.0013580322265625
0.0025861263275146484
0.0027709007263183594
0.003195047378540039
0.0028290748596191406
0.0034770965576171875
0.005793094635009766
0.011183977127075195
0.0044209957122802734
0.006196022033691406
0.006829977035522461
0.0064470767974853516
0.0027709007263183594
0.004235982894897461
0.0021429061889648438
0.0011081695556640625
0.004519939422607422
0.005521059036254883
0.0037238597869873047
0.002149820327758789
0.004995822906494141
0.0034379959106445312
0.0015430450439453125
0.005527973175048828
0.0040361881256103516
0.0047969818115234375
0.005793094635009766
0.002626180648803711
0.006117820739746094
0.0059261322021484375
0.005931854248046875
0.004175901412963867
0.0010960102081298828
0.008755207061767578
0.0067560672760009766
0.0033719539642333984
0.0015559196472167969
0.0018460750579833984
0.0031499862670898438
0.007091045379638672
0.01831793785095215
0.00335693359375
0.0026688575744628906
0.0027010440826416016
0.0011038780212402344
0.0036199092864990234
0.0034089088439941406
0.002521038055419922
0.0029630661010742188
0.004728078842163086
0.008150100708007812
0.005313873291015625
0.0021250247955322266
0.0034570693969726562
0.001683950424194336
0.0026519298553466797
0.0019328594207763672
0.0039560794830322266
0.007013082504272461
0.007894039154052734
0.0035347938537597656
0.0019350051879882812
0.0027670860290527344
0.005415916442871094
0.0025420188903808594
0.0028498172760009766
0.002357006072998047
0.010478973388671875
0.01001596450805664
0.00407099723815918
0.002048015594482422
0.0029349327087402344
0.0030210018157958984
0.0018038749694824219
0.004773139953613281
0.006211996078491211
0.00421595573425293
0.002223968505859375
0.0015978813171386719
0.0034248828887939453
0.003935098648071289
0.0014238357543945312
0.0015480518341064453
0.006685018539428711
0.00386810302734375
0.0017540454864501953
0.0019240379333496094
0.00962686538696289
0.0021271705627441406
0.0037648677825927734
0.0031859874725341797
0.0012440681457519531
0.0035469532012939453
0.006577968597412109
0.012598991394042969
0.0014259815216064453
0.006877899169921875
0.005187034606933594
0.004956960678100586
0.0008440017700195312
0.0014159679412841797
0.006339073181152344
0.0060961246490478516
0.007704019546508789
0.0027048587799072266
0.006097078323364258
0.0024979114532470703
0.008980989456176758
0.004045963287353516
0.0014579296112060547
0.0026671886444091797
0.0018010139465332031
0.0017309188842773438
0.003248929977416992
0.002035856246948242
0.004456996917724609
0.0024480819702148438
0.0034799575805664062
0.0015361309051513672
0.004514932632446289
0.002524137496948242
0.004168987274169922
0.0020020008087158203
0.0164639949798584
0.003537893295288086
0.011538982391357422
0.0030241012573242188
0.0021300315856933594
0.009093999862670898
0.0032889842987060547
0.00333404541015625
0.0166928768157959
0.006406068801879883
0.0035200119018554688
0.0024509429931640625
0.002226114273071289
0.00716090202331543
0.0036249160766601562
0.00416111946105957
0.0031180381774902344
0.0020987987518310547
0.0028471946716308594
0.005028963088989258
0.00414586067199707
0.0018360614776611328
0.001085042953491211
0.006211996078491211
0.0013580322265625
0.0035119056701660156
0.0028040409088134766
0.0013680458068847656
0.0031549930572509766
0.0018579959869384766
0.0026140213012695312
0.005229949951171875
0.0012040138244628906
0.0022430419921875
0.0010218620300292969
0.0014889240264892578
0.004369020462036133
0.012282133102416992
0.00539088249206543
0.007589817047119141
0.002740144729614258
0.004409074783325195
0.006066083908081055
0.0039288997650146484
0.003002166748046875
0.0033860206604003906
0.0012099742889404297
0.0019249916076660156
0.012449026107788086
0.0032608509063720703
0.0027680397033691406
0.002644062042236328
0.0019168853759765625
0.004945993423461914
0.0034220218658447266
0.002710103988647461
0.0020270347595214844
0.004251956939697266
0.002814054489135742
0.0068590641021728516
0.011471033096313477
0.00179290771484375
0.002189159393310547
0.007163047790527344
0.002110004425048828
0.001634836196899414
0.0037021636962890625
